Message stats for scenario S_1-Photo_5000-Scenario_8-ActualPOI_50
sim_time: 337500.0000

Photo List Size: 1744
coverageValue-----------------	355	338	312	360	295	360	334	360	360	344	322	360	360	360	360	360	358	359	360	324	356	360	359	341	338	332	360	360	357	360	360	360	340	360	360	360	360	360	357	346	343	360	360	360	360	318	360	314	360	360	313	260	360	352	320	360	359	343	349	316	146	330	322	301	301	277	165	354	313	339	315	346	335	310	265	300	335	360	338	330	267	360	325	330	300	341	358	298	306	360	293	315	355	358	305	262	323	317	287	360	
redundantCoverageValue--------	845	922	708	960	605	960	986	600	1140	1216	938	1140	960	1080	960	900	1262	1081	1320	816	844	960	721	1099	742	628	780	900	1023	1080	960	1260	1100	1140	900	660	780	1260	663	674	977	720	840	1200	1080	822	600	706	1020	1200	347	400	720	548	580	420	721	377	491	404	154	450	638	239	299	383	75	546	287	261	405	614	805	470	215	420	205	780	322	750	333	540	455	270	300	379	302	422	474	720	247	225	665	722	355	518	517	283	373	300	
halfCoverageTime--------------	74144.0	71177.0	139000.0	136048.0	75778.0	134422.0	136351.0	75773.0	128638.0	136080.0	75657.0	2552.0	65358.0	128614.0	139062.0	137056.0	19828.0	56192.0	71231.0	139854.0	74177.0	1606.0	137403.0	136058.0	128632.0	75722.0	71267.0	136930.0	136523.0	134541.0	75635.0	134568.0	71221.0	65302.0	134484.0	74208.0	71150.0	65271.0	139136.0	136412.0	136401.0	74218.0	128768.0	134467.0	136652.0	75613.0	136560.0	75748.0	134410.0	128620.0	144116.0	145170.0	138951.0	71241.0	156546.0	136636.0	134536.0	134563.0	136618.0	139124.0	.0	144978.0	75753.0	167151.0	128762.0	136374.0	.0	128656.0	144111.0	75784.0	1630.0	136423.0	136304.0	149882.0	158222.0	134616.0	75758.0	142796.0	146450.0	19790.0	136969.0	146296.0	128828.0	142790.0	137002.0	56234.0	136086.0	136507.0	137372.0	1642.0	145216.0	71330.0	138995.0	136016.0	139103.0	136919.0	136102.0	156644.0	139093.0	56240.0	
numberOfPoint-----------------	1	1	1	1	1	1	1	1	1	1	1	1	1	1	1	1	1	1	1	1	1	1	1	1	1	1	1	1	1	1	1	1	1	1	1	1	1	1	1	1	1	1	1	1	1	1	1	1	1	1	3	2	2	3	2	1	3	2	2	3	1	1	4	2	1	2	1	4	3	2	2	3	4	2	3	4	2	1	2	3	3	3	1	3	2	1	2	2	2	2	3	3	2	3	2	2	2	1	1	2	
standardDeviation-------------	.0	.0	.0	.0	.0	.0	.0	.0	.0	.0	.0	.0	.0	.0	.0	.0	.0	.0	.0	.0	.0	.0	.0	.0	.0	.0	.0	.0	.0	.0	.0	.0	.0	.0	.0	.0	.0	.0	.0	.0	.0	.0	.0	.0	.0	.0	.0	.0	.0	.0	6.7	7.45	6.03	9.73	4.47	.95	9.08	5.93	8.05	10.51	.67	.22	9.8	6.09	1.84	5.78	3.71	7.89	9.42	9.22	9.7	7.86	9.7	7.1	9.12	9.27	8.96	1.86	5.62	8.83	8.12	9.69	2.1	8.06	10.35	.3	10.24	5.47	5.95	5.34	6.64	11.39	4.94	9.11	5.96	6.45	5.17	1.81	1.4	8.24	
initialCoverageValue----------	360	360	360	360	360	360	360	360	360	360	360	360	360	360	360	360	360	360	360	360	360	360	360	360	358	360	360	360	360	360	360	360	360	360	360	360	360	360	360	360	360	360	360	360	360	360	360	360	360	360	360	360	360	360	360	360	360	360	360	360	360	360	360	360	360	360	360	360	360	360	360	360	360	360	360	360	360	360	360	360	360	360	360	360	360	360	360	360	360	360	360	360	360	360	360	360	360	360	360	360	
initialRedundantCoverageValue-	1920	1980	2040	2460	2220	2700	1920	1860	2520	2580	2400	2340	2640	2280	2580	2520	2640	2580	2040	2100	2040	3060	1740	2340	1682	2220	2460	2760	2820	2940	2100	2040	2880	2640	2340	2700	2100	2820	2460	2220	2460	2340	2640	2460	3180	2580	2040	2220	2520	2580	1920	2700	2760	2220	2520	1800	3180	2220	2640	2280	2220	2460	2580	2520	2520	2520	2460	2700	2340	2040	2340	2580	2820	2040	1860	3120	1980	2520	2940	2820	2100	2640	2220	1800	2040	2520	3000	2580	2640	2520	1860	2220	2820	2580	2880	2640	2460	2340	2280	2040	
additionalPoiTime-------------	904805.8
algorithmTime-----------------	1.09638957177188E11
serverTime--------------------	358802.3
Total Transferred Metadata----	7783

Photo List Size: 1744
Gained Coverage %-------------	0.9266070337240958
Gained Redundancy %-----------	0.2834924762527847
Total Cluster Created---------	0
Total Transferred Photo-------	141077
Total Photo at Destination----	1744
Coverage Group----------------	1-30	31-60	61-90	91-120	121-150	151-180	181-210	211-240	241-270	271-300	301-330	331-360	
Coverage Distribution---------	0	0	0	0	1	1	0	0	4	7	23	64	
Ratio Group-------------------	.0	.1	.2	.3	.4	.5	.6	.7	.8	.9	1.0	
Coverage Ratio----------------	0	0	0	0	0	2	0	0	6	24	68	
Redundant Ratio---------------	0	3	29	22	25	18	1	2	0	0	0	
NumberOfPoint Group-----------	0	1	2	3	4	
NumOfPoint Distribution-------	0	10	22	14	4	
SD Group----------------------	0-1	1-2	2-3	3-4	4-5	5-6	6-7	7-8	8-9	9-10	10-11	11-12	
SD Distribution---------------	54	4	1	1	2	8	5	4	6	11	3	1	
Half Coverage Group-----------	0-33750	33750-67500	67500-101250	101250-135000	135000-168750	168750-202500	202500-236250	236250-270000	270000-303750	303750-337500	337500-371250	
Half Cvg Time Distribution----	6	6	21	17	48	0	0	0	0	0	0	
Transferred Photo Group-------	0-33750	33750-67500	67500-101250	101250-135000	135000-168750	168750-202500	202500-236250	236250-270000	270000-303750	303750-337500	337500-371250	
Photo Time Distribution-------	113791	123871	54320	4680	94961	8243	15773	11345	867	6711	0	

Cvg&Red Distribution----------	0.0	2.0	33750.0	67500.0	135000.0	270000.0	168750.0	337500.0	101250.0	202500.0	303750.0	236250.0	
Average PhotoNum--------------	51.05154639175258	51.05154639175258	93.47422680412372	99.64948453608247	99.64948453608247	100.0	100.0	100.0	99.64948453608247	100.0	100.0	100.0	
Nodes Above Average-----------	50	50	82	94	94	0	0	0	94	0	0	0	
Nodes Below Average-----------	47	47	15	3	3	97	97	97	3	97	97	97	

Average Coverage--------------	2932.2886597938145	2932.2886597938145	5100.298969072165	5422.494845360825	5417.123711340206	5424.7525773195875	5439.79381443299	5429.20618556701	5410.649484536082	5446.670103092783	5421.123711340206	5441.5360824742265	
Nodes Above Average-----------	51	51	81	50	54	50	50	50	53	55	49	52	
Nodes Below Average-----------	46	46	16	47	43	47	47	47	44	42	48	45	
Photos Above Average----------	61	61	99	99	99	100	100	100	99	100	100	100	
Photos Below Average----------	39	39	60	99	99	100	100	100	99	100	100	100	
Network Coverage--------------	35998	35998	35998	35998	35998	35998	35998	35998	35998	35998	35998	35998	

Average Redundancy------------	130.8041237113402	130.8041237113402	508.1546391752577	556.4742268041238	561.8453608247422	575.2474226804123	560.2061855670103	570.7938144329897	568.319587628866	553.3298969072165	578.8762886597938	558.4639175257732	
Nodes Above Average-----------	41	41	50	49	44	47	47	47	44	42	48	45	
Nodes Below Average-----------	56	56	47	48	53	50	50	50	53	55	49	52	
Photos Above Average----------	59	59	99	99	99	100	100	100	99	100	100	100	
Photos Below Average----------	44	44	86	99	99	100	100	100	99	100	100	100	
Network Redundancy------------	261122	261122	508022	543962	543962	546002	546002	546002	543962	546002	546002	546002	

