Message stats for scenario S_1-Photo_5000-Scenario_7-ActualPOI_50
sim_time: 337500.0000

Photo List Size: 4952
coverageValue-----------------	360	360	360	340	360	358	360	360	360	347	359	268	343	360	360	360	354	341	336	360	345	359	339	360	352	360	321	314	360	344	341	360	360	354	350	337	360	354	360	337	360	360	354	360	360	345	292	358	354	354	349	353	325	315	360	286	325	360	360	358	359	360	360	292	329	347	290	312	350	331	360	360	358	360	356	329	353	356	319	356	333	347	333	360	360	351	360	358	276	307	360	339	360	346	360	360	344	346	360	315	
redundantCoverageValue--------	660	780	720	740	840	542	660	840	900	793	661	392	857	840	780	600	606	619	504	960	555	661	561	840	488	480	459	526	720	676	499	900	900	786	550	683	720	486	720	563	1080	600	726	540	840	435	608	722	666	606	551	787	515	885	1140	494	695	780	840	422	661	540	420	668	931	733	610	588	850	689	960	960	782	780	964	571	967	784	1121	604	687	673	447	960	1260	369	780	722	384	593	1080	741	1080	434	900	1080	436	434	1140	645	
halfCoverageTime--------------	138220.0	139696.0	134580.0	134444.0	136881.0	137082.0	144063.0	145050.0	134552.0	65358.0	136546.0	227392.0	65348.0	128784.0	65296.0	137170.0	60670.0	75753.0	138315.0	128756.0	134502.0	75630.0	75763.0	1630.0	128696.0	134484.0	136848.0	128822.0	128738.0	136120.0	136064.0	75657.0	65370.0	138995.0	145738.0	128744.0	134456.0	128868.0	139408.0	139062.0	65271.0	65327.0	139103.0	75608.0	2628.0	138247.0	71283.0	71182.0	136351.0	136037.0	128828.0	134598.0	142796.0	19665.0	56203.0	128720.0	57048.0	136641.0	1394.0	137398.0	19606.0	128732.0	71145.0	128678.0	1440.0	128850.0	128608.0	71106.0	65332.0	139729.0	139765.0	71116.0	71166.0	145078.0	19682.0	74128.0	19706.0	137377.0	137070.0	71161.0	75728.0	56175.0	75662.0	19748.0	1850.0	136558.0	1844.0	56186.0	74138.0	71156.0	19806.0	75635.0	136509.0	134616.0	1570.0	56240.0	138966.0	71111.0	1814.0	136108.0	
numberOfPoint-----------------	1	1	1	1	1	1	1	1	1	1	1	1	1	1	1	1	1	1	1	1	1	1	1	1	1	1	1	1	1	1	1	1	1	1	1	1	1	1	1	1	1	1	1	1	1	1	1	1	1	1	3	5	3	3	4	3	3	3	2	3	4	5	4	4	4	3	5	3	3	3	5	3	4	5	4	3	6	3	3	3	4	3	3	4	3	4	4	5	3	2	4	4	3	3	4	3	3	3	3	5	
standardDeviation-------------	.0	.0	.0	.0	.0	.0	.0	.0	.0	.0	.0	.0	.0	.0	.0	.0	.0	.0	.0	.0	.0	.0	.0	.0	.0	.0	.0	.0	.0	.0	.0	.0	.0	.0	.0	.0	.0	.0	.0	.0	.0	.0	.0	.0	.0	.0	.0	.0	.0	.0	6.3	11.05	7.97	6.92	9.79	8.19	9.0	8.57	4.23	8.47	9.55	9.71	10.32	7.97	9.56	8.1	10.39	6.45	6.08	7.11	9.62	8.12	8.11	11.01	8.7	6.66	11.29	6.79	7.55	8.36	8.15	8.99	7.5	8.04	7.3	8.12	10.34	9.67	8.63	5.41	10.16	8.05	7.48	5.54	8.8	5.99	9.13	6.49	6.02	9.45	
initialCoverageValue----------	360	360	360	360	360	360	360	360	360	360	360	360	360	360	360	360	360	360	360	360	360	360	360	360	360	360	360	360	360	360	360	360	360	360	360	360	360	360	360	360	360	360	360	360	360	360	360	360	360	360	360	360	360	360	360	360	360	360	360	360	360	360	360	360	360	360	360	360	360	360	360	360	360	360	360	360	360	360	360	360	360	360	360	360	360	360	360	360	360	360	360	360	360	360	360	360	360	360	360	360	
initialRedundantCoverageValue-	2700	2940	2220	3060	2340	2400	2160	2400	2400	3000	2460	1920	2880	2040	2700	2160	2460	2280	1800	3060	1560	2880	1800	2700	2400	2280	2160	2580	2760	1800	2340	2820	2640	2940	2400	2160	2040	2280	2340	1920	3420	2640	2880	2460	3000	2400	2520	2700	3000	1920	2040	2640	2700	2640	3060	2040	2160	2520	2460	1800	2340	2700	2220	2460	2940	1860	2040	2580	2400	2460	2520	2700	2100	2160	2520	1860	2640	3060	2520	2460	2460	2880	2220	2760	2940	2280	2520	2220	1620	1920	2400	2280	2880	2040	2280	2820	2400	1980	2460	2820	
additionalPoiTime-------------	9.07301816E7
algorithmTime-----------------	1.536297848E8
serverTime--------------------	3400821.8
Total Transferred Metadata----	15329

Photo List Size: 4952
Gained Coverage %-------------	0.9603611111111111
Gained Redundancy %-----------	0.29121361213612135
Total Cluster Created---------	50
Total Transferred Photo-------	17814
Total Photo at Destination----	1813
Coverage Group----------------	1-30	31-60	61-90	91-120	121-150	151-180	181-210	211-240	241-270	271-300	301-330	331-360	
Coverage Distribution---------	0	0	0	0	0	0	0	0	1	5	11	83	
Ratio Group-------------------	.0	.1	.2	.3	.4	.5	.6	.7	.8	.9	1.0	
Coverage Ratio----------------	0	0	0	0	0	0	0	0	3	10	87	
Redundant Ratio---------------	0	0	6	49	40	5	0	0	0	0	0	
NumberOfPoint Group-----------	0	1	2	3	4	5	6	
NumOfPoint Distribution-------	0	0	2	26	14	7	1	
SD Group----------------------	0-1	1-2	2-3	3-4	4-5	5-6	6-7	7-8	8-9	9-10	10-11	11-12	
SD Distribution---------------	50	0	0	0	1	3	8	7	15	9	4	3	
Half Coverage Group-----------	0-33750	33750-67500	67500-101250	101250-135000	135000-168750	168750-202500	202500-236250	236250-270000	270000-303750	303750-337500	337500-371250	
Half Cvg Time Distribution----	14	13	19	21	32	0	1	0	0	0	0	
Transferred Photo Group-------	0-33750	33750-67500	67500-101250	101250-135000	135000-168750	168750-202500	202500-236250	236250-270000	270000-303750	303750-337500	337500-371250	
Photo Time Distribution-------	2350	6785	3172	270	24700	1207	3385	1393	0	138	0	

Cvg&Red Distribution----------	0.0	2.0	33750.0	67500.0	135000.0	270000.0	168750.0	337500.0	101250.0	202500.0	303750.0	236250.0	
Average PhotoNum--------------	51.05154639175258	51.05154639175258	52.16494845360825	56.34020618556701	58.74226804123711	78.37113402061856	76.84536082474227	76.91752577319588	58.649484536082475	76.94845360824742	78.36082474226804	77.6701030927835	
Nodes Above Average-----------	50	50	48	48	46	64	61	64	46	62	64	63	
Nodes Below Average-----------	47	47	49	49	51	33	36	33	51	35	33	34	

Average Coverage--------------	2939.556701030928	2939.556701030928	3001.226804123711	3228.422680412371	3351.9896907216494	4394.886597938144	4314.5360824742265	4315.453608247422	3347.144329896907	4319.7525773195875	4394.432989690722	4355.19587628866	
Nodes Above Average-----------	51	51	50	49	45	64	61	64	47	62	64	63	
Nodes Below Average-----------	46	46	47	48	52	33	36	33	50	35	33	34	
Photos Above Average----------	61	61	63	71	78	96	97	95	77	97	96	97	
Photos Below Average----------	39	39	39	40	41	42	41	41	40	41	42	41	
Network Coverage--------------	36000	36000	36000	35998	35998	35998	35998	35998	35998	35998	35998	35998	

Average Redundancy------------	123.5360824742268	123.5360824742268	128.6701030927835	151.98969072164948	172.5463917525773	307.3814432989691	296.1855670103093	299.5979381443299	171.82474226804123	297.1546391752577	307.21649484536084	305.0103092783505	
Nodes Above Average-----------	45	45	40	36	36	53	55	53	36	55	53	53	
Nodes Below Average-----------	52	52	57	61	61	44	42	44	61	42	44	44	
Photos Above Average----------	58	58	61	73	81	97	96	95	80	97	97	97	
Photos Below Average----------	45	45	45	46	45	55	50	54	45	50	55	53	
Network Redundancy------------	261120	261120	267600	291902	305882	420122	411242	411662	305342	411842	420062	416042	

