Message stats for scenario S_1-Photo_5000-Scenario_6-ActualPOI_50
sim_time: 337500.0000

Photo List Size: 1770
coverageValue-----------------	341	307	352	318	355	344	346	350	356	357	315	354	356	360	337	360	360	344	347	326	326	321	286	360	360	345	359	316	224	360	339	360	360	249	360	360	341	270	352	348	360	356	360	306	295	360	360	360	357	360	258	333	360	344	319	360	360	349	353	360	335	360	360	360	341	296	360	350	343	317	360	342	345	354	320	273	353	353	332	355	357	360	360	360	246	360	358	317	313	317	256	352	272	324	360	360	263	278	354	360	
redundantCoverageValue--------	859	653	488	222	665	736	914	790	484	483	885	1146	664	1020	923	780	660	856	673	274	574	459	314	1080	900	1155	841	524	136	900	501	1080	1080	291	1380	1140	799	210	728	912	840	484	780	534	305	1140	660	540	723	1380	402	567	1260	556	461	960	660	731	847	780	685	780	1080	840	619	424	780	790	497	583	900	798	495	726	580	507	907	427	568	605	483	600	480	1080	354	960	782	343	587	523	404	788	268	816	780	600	337	742	786	900	
halfCoverageTime--------------	138972.0	136564.0	136086.0	145849.0	134616.0	142823.0	136320.0	75640.0	75608.0	136864.0	136498.0	74213.0	65281.0	71198.0	19682.0	65380.0	136053.0	65391.0	75753.0	149806.0	74187.0	65337.0	136848.0	136605.0	128626.0	74197.0	136074.0	136477.0	141973.0	56208.0	71156.0	1832.0	136688.0	136646.0	128850.0	128608.0	65312.0	158242.0	137403.0	71251.0	134524.0	134558.0	19648.0	136487.0	75667.0	75583.0	136615.0	139072.0	19665.0	128708.0	139724.0	146257.0	71150.0	74144.0	154231.0	60660.0	148028.0	71106.0	136541.0	19724.0	136326.0	128690.0	74160.0	136390.0	145902.0	136881.0	134626.0	136693.0	139114.0	71283.0	134428.0	71346.0	139620.0	738.0	137437.0	75748.0	65322.0	74154.0	136514.0	71204.0	19660.0	128810.0	139655.0	75593.0	156460.0	56154.0	1808.0	136509.0	56170.0	74218.0	143411.0	75618.0	156580.0	136902.0	71256.0	65370.0	144095.0	158192.0	2570.0	75722.0	
numberOfPoint-----------------	1	1	1	1	1	1	1	1	1	1	1	1	1	1	1	1	1	1	1	1	1	1	1	1	1	1	1	1	1	1	1	1	1	1	1	1	1	1	1	1	1	1	1	1	1	1	1	1	1	1	2	2	4	3	4	3	1	3	3	3	3	2	4	3	4	1	2	3	2	2	3	2	2	3	4	3	2	3	2	3	2	2	2	3	3	2	4	3	2	2	3	2	1	2	2	3	3	2	2	4	
standardDeviation-------------	.0	.0	.0	.0	.0	.0	.0	.0	.0	.0	.0	.0	.0	.0	.0	.0	.0	.0	.0	.0	.0	.0	.0	.0	.0	.0	.0	.0	.0	.0	.0	.0	.0	.0	.0	.0	.0	.0	.0	.0	.0	.0	.0	.0	.0	.0	.0	.0	.0	.0	5.24	5.25	8.4	7.46	8.77	6.31	.51	8.41	7.41	7.99	7.62	6.95	9.11	7.89	8.97	1.34	6.15	6.06	5.01	6.06	7.71	4.88	7.05	10.16	9.46	7.3	4.92	8.65	4.53	9.8	6.04	5.19	8.06	7.71	8.76	5.63	8.66	9.12	6.3	9.83	9.44	5.79	1.65	9.52	4.51	7.08	9.15	5.78	9.56	10.0	
initialCoverageValue----------	360	360	357	360	360	360	360	360	360	360	360	360	360	360	355	360	360	360	360	360	360	360	360	360	360	360	360	360	359	360	360	360	360	360	360	360	360	360	360	360	360	360	360	360	360	360	360	360	360	360	360	360	360	360	360	360	360	360	360	360	360	360	360	360	360	360	360	360	360	360	360	360	360	360	360	360	360	360	360	360	360	360	360	360	360	360	360	360	360	360	360	360	360	360	360	360	360	360	360	360	
initialRedundantCoverageValue-	2400	1620	2343	1920	2460	2340	3060	2400	2400	2400	2280	2820	2220	2220	3305	2340	2160	3000	2460	1920	2100	2280	2640	2760	2520	3180	2280	1920	2041	2700	1740	2640	2880	1980	3240	2880	2160	2400	2640	3120	2700	3060	3180	2160	1980	3180	2520	2280	2100	3000	3480	1980	2940	2160	2640	2640	2100	2160	2460	1860	2160	2700	3120	2520	2280	1740	2880	2520	2340	2340	3060	2940	1980	2700	2100	2280	2520	2280	2280	2220	2760	2100	2220	2460	1860	2520	2760	2700	2460	2220	1800	2100	2460	2400	2280	2280	2280	1980	2280	2700	
additionalPoiTime-------------	140400.9
algorithmTime-----------------	9.705446214E8
serverTime--------------------	639604.1
Total Transferred Metadata----	8970

Photo List Size: 1770
Gained Coverage %-------------	0.9359839959989997
Gained Redundancy %-----------	0.28647029210613556
Total Cluster Created---------	0
Total Transferred Photo-------	26071
Total Photo at Destination----	1770
Coverage Group----------------	1-30	31-60	61-90	91-120	121-150	151-180	181-210	211-240	241-270	271-300	301-330	331-360	
Coverage Distribution---------	0	0	0	0	0	0	0	1	6	6	15	72	
Ratio Group-------------------	.0	.1	.2	.3	.4	.5	.6	.7	.8	.9	1.0	
Coverage Ratio----------------	0	0	0	0	0	0	0	3	8	15	74	
Redundant Ratio---------------	0	2	14	42	33	9	0	0	0	0	0	
NumberOfPoint Group-----------	0	1	2	3	4	
NumOfPoint Distribution-------	0	3	21	19	7	
SD Group----------------------	0-1	1-2	2-3	3-4	4-5	5-6	6-7	7-8	8-9	9-10	10-11	
SD Distribution---------------	51	2	0	0	4	7	7	10	8	9	2	
Half Coverage Group-----------	0-33750	33750-67500	67500-101250	101250-135000	135000-168750	168750-202500	202500-236250	236250-270000	270000-303750	303750-337500	337500-371250	
Half Cvg Time Distribution----	9	11	25	11	44	0	0	0	0	0	0	
Transferred Photo Group-------	0-33750	33750-67500	67500-101250	101250-135000	135000-168750	168750-202500	202500-236250	236250-270000	270000-303750	303750-337500	337500-371250	
Photo Time Distribution-------	4200	8469	5342	655	26499	2747	5888	3042	56	1982	0	

Cvg&Red Distribution----------	0.0	2.0	33750.0	67500.0	135000.0	270000.0	168750.0	337500.0	101250.0	202500.0	303750.0	236250.0	
Average PhotoNum--------------	51.05154639175258	51.05154639175258	53.628865979381445	57.81443298969072	61.90721649484536	84.5979381443299	81.09278350515464	85.78350515463917	61.123711340206185	82.0	84.5979381443299	83.43298969072166	
Nodes Above Average-----------	50	50	48	49	44	71	66	73	43	68	71	70	
Nodes Below Average-----------	47	47	49	48	53	26	31	24	54	29	26	27	

Average Coverage--------------	2934.0309278350514	2934.0309278350514	3069.4845360824743	3285.505154639175	3507.6701030927834	4708.453608247422	4523.6082474226805	4766.639175257732	3465.4742268041236	4566.721649484536	4708.453608247422	4644.7525773195875	
Nodes Above Average-----------	53	53	49	49	43	71	66	73	44	68	71	70	
Nodes Below Average-----------	44	44	48	48	54	26	31	24	53	29	26	27	
Photos Above Average----------	61	61	66	73	83	99	99	100	82	99	99	99	
Photos Below Average----------	38	38	40	41	44	43	42	42	43	41	43	41	
Network Coverage--------------	35989	35989	35989	35985	35985	35894	35921	35894	35985	35900	35894	35899	

Average Redundancy------------	129.06185567010309	129.06185567010309	148.24742268041237	183.36082474226805	206.76288659793815	367.4226804123711	341.9587628865979	380.37113402061857	201.94845360824743	353.2783505154639	367.4226804123711	361.22680412371136	
Nodes Above Average-----------	41	41	42	42	34	59	59	60	37	61	59	59	
Nodes Below Average-----------	56	56	55	55	63	38	38	37	60	36	38	38	
Photos Above Average----------	60	60	65	73	87	99	99	100	83	99	99	100	
Photos Below Average----------	44	44	44	45	48	60	52	62	47	52	60	57	
Network Redundancy------------	261131	261131	276131	300495	324315	456466	436039	463366	319755	441340	456466	449681	

