Message stats for scenario S_1-Photo_5000-Scenario_4-ActualPOI_50
sim_time: 337500.0000

Photo List Size: 4952
coverageValue-----------------	360	360	360	360	360	360	344	351	354	358	360	332	360	360	360	360	303	360	360	360	360	358	360	360	360	360	352	360	360	360	323	360	303	355	360	252	354	360	360	358	360	325	360	360	360	360	360	360	355	355	360	350	360	360	359	360	360	360	360	360	360	360	360	355	355	360	335	360	351	357	356	360	360	360	360	360	360	360	360	360	357	360	360	360	360	341	360	360	360	360	360	360	360	360	360	360	360	356	360	352	
redundantCoverageValue--------	300	540	180	300	300	420	316	429	366	242	360	268	480	360	420	300	237	300	240	420	300	182	360	360	300	420	428	240	240	300	157	300	297	305	300	228	246	300	300	302	600	455	240	360	480	360	180	300	305	185	1140	1270	900	900	481	840	660	840	900	1080	600	420	720	785	845	600	445	1140	789	363	724	1080	840	1260	1080	600	780	960	780	1020	543	720	900	660	660	559	960	720	660	540	660	840	840	900	1200	720	900	724	480	608	
halfCoverageTime--------------	128620.0	134422.0	798.0	137064.0	75646.0	136461.0	71134.0	137092.0	136624.0	139645.0	137408.0	74224.0	146278.0	71251.0	128708.0	136096.0	137115.0	139515.0	74182.0	75694.0	71106.0	136914.0	136509.0	136074.0	139757.0	1606.0	136434.0	71272.0	139000.0	134558.0	153982.0	137152.0	138951.0	136662.0	60654.0	137414.0	128756.0	71306.0	1462.0	136924.0	136994.0	137110.0	71256.0	139017.0	134592.0	137382.0	75667.0	136456.0	139072.0	138214.0	57110.0	57024.0	75705.0	56198.0	816.0	1874.0	19682.0	136919.0	2634.0	75573.0	75763.0	128744.0	74213.0	65266.0	134462.0	19712.0	139052.0	56203.0	138358.0	56996.0	1899.0	56224.0	139006.0	1932.0	134416.0	136672.0	71267.0	71335.0	139494.0	19782.0	57019.0	19624.0	136412.0	2597.0	2552.0	137125.0	57098.0	56234.0	56218.0	139429.0	19694.0	2546.0	128678.0	74166.0	1450.0	19594.0	136102.0	128868.0	136646.0	138330.0	
numberOfPoint-----------------	1	1	1	1	1	1	1	1	1	1	1	1	1	1	1	1	1	1	1	1	1	1	1	1	1	1	1	1	1	1	1	1	1	1	1	1	1	1	1	1	1	1	1	1	1	1	1	1	1	1	5	4	4	4	3	3	3	4	5	4	4	4	4	3	3	5	3	5	5	2	2	4	3	4	4	3	4	5	5	4	3	4	5	2	3	3	4	3	4	4	3	2	3	5	6	4	4	4	4	4	
standardDeviation-------------	.0	.0	.0	.0	.0	.0	.0	.0	.0	.0	.0	.0	.0	.0	.0	.0	.0	.0	.0	.0	.0	.0	.0	.0	.0	.0	.0	.0	.0	.0	.0	.0	.0	.0	.0	.0	.0	.0	.0	.0	.0	.0	.0	.0	.0	.0	.0	.0	.0	.0	9.22	7.93	8.74	9.69	8.52	6.91	9.06	9.14	9.78	7.77	9.1	8.16	8.6	7.85	6.42	10.46	7.32	10.09	8.92	5.48	7.13	8.98	7.07	8.48	8.61	6.2	8.95	9.76	10.39	7.95	9.1	8.11	10.05	4.97	9.13	8.48	6.79	7.52	9.82	8.38	10.94	6.18	9.75	8.48	10.67	9.0	9.39	9.46	9.41	10.31	
initialCoverageValue----------	360	360	360	360	360	360	359	360	360	360	360	360	360	360	360	360	360	360	360	360	360	360	360	360	360	360	360	360	360	360	360	360	360	360	360	360	360	360	360	360	360	360	360	360	360	360	360	360	360	360	360	360	360	360	360	360	360	360	360	360	360	360	360	360	360	360	360	360	360	360	360	360	360	360	360	360	360	360	360	360	360	360	360	360	360	360	360	360	360	360	360	360	360	360	360	360	360	360	360	360	
initialRedundantCoverageValue-	2700	2520	2880	2460	2760	2640	1981	2160	2700	2160	2700	2640	2160	2400	2640	1860	1740	2400	2040	3180	2820	1800	2700	2460	2340	2460	2640	2040	2160	2520	1740	2760	1560	2700	1980	1260	2940	2760	2100	2640	2820	1860	2520	2580	2160	2940	2700	2640	2160	1800	2760	3000	2640	2760	2640	2700	2400	2460	2760	2460	2580	2100	1980	2100	3060	2700	2160	2760	2400	2280	3000	2700	2160	3000	2160	2100	2100	3060	2220	2940	2460	2640	2460	2340	2580	2160	2520	2820	2880	1920	2700	2700	2100	2400	3300	2820	3060	2340	1860	1740	
additionalPoiTime-------------	9.97158392E7
algorithmTime-----------------	1.496517593E8
serverTime--------------------	3588023.0
Total Transferred Metadata----	15327

Photo List Size: 4952
Gained Coverage %-------------	0.9865829606377955
Gained Redundancy %-----------	0.22732147736123742
Total Cluster Created---------	50
Total Transferred Photo-------	17581
Total Photo at Destination----	1537
Coverage Group----------------	1-30	31-60	61-90	91-120	121-150	151-180	181-210	211-240	241-270	271-300	301-330	331-360	
Coverage Distribution---------	0	0	0	0	0	0	0	0	1	0	4	95	
Ratio Group-------------------	.0	.1	.2	.3	.4	.5	.6	.7	.8	.9	1.0	
Coverage Ratio----------------	0	0	0	0	0	0	0	1	0	3	96	
Redundant Ratio---------------	0	5	43	24	22	6	0	0	0	0	0	
NumberOfPoint Group-----------	0	1	2	3	4	5	6	
NumOfPoint Distribution-------	0	0	4	14	22	9	1	
SD Group----------------------	0-1	1-2	2-3	3-4	4-5	5-6	6-7	7-8	8-9	9-10	10-11	
SD Distribution---------------	50	0	0	0	1	1	5	8	14	14	7	
Half Coverage Group-----------	0-33750	33750-67500	67500-101250	101250-135000	135000-168750	168750-202500	202500-236250	236250-270000	270000-303750	303750-337500	337500-371250	
Half Cvg Time Distribution----	18	12	18	11	41	0	0	0	0	0	0	
Transferred Photo Group-------	0-33750	33750-67500	67500-101250	101250-135000	135000-168750	168750-202500	202500-236250	236250-270000	270000-303750	303750-337500	337500-371250	
Photo Time Distribution-------	3525	6840	3187	269	24092	1234	3252	1184	0	98	0	

Cvg&Red Distribution----------	0.0	2.0	33750.0	67500.0	135000.0	270000.0	168750.0	337500.0	101250.0	202500.0	303750.0	236250.0	
Average PhotoNum--------------	51.05154639175258	51.05154639175258	52.08247422680412	56.28865979381443	58.7319587628866	78.1340206185567	76.64948453608247	76.69072164948453	58.75257731958763	76.5979381443299	78.1340206185567	77.12371134020619	
Nodes Above Average-----------	50	50	48	46	44	63	60	65	44	61	63	63	
Nodes Below Average-----------	47	47	49	51	53	34	37	32	53	36	34	34	

Average Coverage--------------	2927.896907216495	2927.896907216495	2982.6494845360826	3207.721649484536	3333.938144329897	4355.979381443299	4282.515463917526	4281.3917525773195	3334.1237113402062	4276.01030927835	4355.979381443299	4301.319587628866	
Nodes Above Average-----------	51	51	49	45	44	64	60	64	44	61	64	63	
Nodes Below Average-----------	46	46	48	52	53	33	37	33	53	36	33	34	
Photos Above Average----------	61	61	63	72	79	96	97	94	79	96	96	96	
Photos Below Average----------	39	39	40	41	41	42	42	42	41	42	42	41	
Network Coverage--------------	35999	35999	35999	35999	35999	35999	35999	35999	35999	35999	35999	35999	

Average Redundancy------------	135.1958762886598	135.1958762886598	142.29896907216494	169.5979381443299	189.97938144329896	332.0618556701031	316.45360824742266	320.0515463917526	191.03092783505156	319.8659793814433	332.0618556701031	326.10309278350513	
Nodes Above Average-----------	44	44	40	43	41	59	54	57	41	55	59	56	
Nodes Below Average-----------	53	53	57	54	56	38	43	40	56	42	38	41	
Photos Above Average----------	59	59	63	71	79	95	97	94	79	96	95	96	
Photos Below Average----------	43	43	44	44	43	50	50	50	43	50	50	51	
Network Redundancy------------	261121	261121	267121	291601	305821	418741	410101	410341	305941	409801	418741	412861	

