Message stats for scenario S_1-Photo_5000-Scenario_5-ActualPOI_50
sim_time: 337500.0000

Photo List Size: 4952
coverageValue-----------------	344	360	333	360	360	360	360	360	360	360	342	349	360	360	360	360	360	360	352	360	358	360	330	360	346	360	360	344	360	360	360	360	356	345	360	360	360	360	360	360	356	360	360	360	360	360	360	330	340	360	360	360	348	360	360	291	331	360	360	360	344	360	360	360	349	360	360	360	360	360	359	332	321	339	355	332	360	360	360	358	360	360	341	337	360	360	348	360	360	360	355	360	360	262	334	360	360	349	360	360	
redundantCoverageValue--------	76	300	267	360	360	240	300	180	300	480	258	191	360	300	360	240	300	300	248	300	242	360	270	360	194	300	180	376	300	300	480	420	364	315	300	180	420	300	480	360	364	480	240	300	360	360	360	270	440	420	780	960	432	600	420	249	689	360	1320	1020	436	900	840	1020	671	960	720	960	540	660	661	388	519	501	665	748	720	600	780	542	720	540	739	623	600	660	732	900	840	840	725	420	1020	698	746	900	600	431	480	1140	
halfCoverageTime--------------	134439.0	75630.0	136341.0	60660.0	139067.0	71330.0	71193.0	75593.0	136854.0	65266.0	134422.0	1498.0	1600.0	71122.0	139424.0	141926.0	138966.0	143406.0	75678.0	74202.0	134541.0	75710.0	137064.0	136472.0	138358.0	128810.0	143426.0	71221.0	75758.0	137176.0	2617.0	71340.0	136994.0	136672.0	134444.0	65386.0	141968.0	138242.0	56198.0	128778.0	136902.0	136498.0	136546.0	71272.0	128620.0	136519.0	136667.0	139494.0	128750.0	139655.0	1630.0	56192.0	134502.0	19742.0	136693.0	137092.0	136037.0	75748.0	1850.0	768.0	19760.0	1612.0	128632.0	19624.0	75573.0	2534.0	1582.0	138272.0	71100.0	74230.0	75743.0	19694.0	137125.0	74197.0	74128.0	60670.0	19794.0	71198.0	19630.0	75700.0	56148.0	56224.0	138226.0	19660.0	138288.0	65364.0	1820.0	134467.0	19718.0	138972.0	71166.0	74172.0	57110.0	153880.0	1370.0	65327.0	128784.0	139072.0	57036.0	75613.0	
numberOfPoint-----------------	1	1	1	1	1	1	1	1	1	1	1	1	1	1	1	1	1	1	1	1	1	1	1	1	1	1	1	1	1	1	1	1	1	1	1	1	1	1	1	1	1	1	1	1	1	1	1	1	1	1	4	6	3	4	2	3	3	2	5	5	3	4	3	4	4	4	4	4	2	3	4	3	4	4	3	4	4	3	3	4	3	3	3	4	4	2	3	4	4	3	4	2	5	3	3	5	3	1	2	4	
standardDeviation-------------	.0	.0	.0	.0	.0	.0	.0	.0	.0	.0	.0	.0	.0	.0	.0	.0	.0	.0	.0	.0	.0	.0	.0	.0	.0	.0	.0	.0	.0	.0	.0	.0	.0	.0	.0	.0	.0	.0	.0	.0	.0	.0	.0	.0	.0	.0	.0	.0	.0	.0	8.31	9.28	6.74	10.02	6.31	10.19	5.9	5.33	8.99	9.88	9.04	9.49	6.78	9.68	8.87	6.78	9.47	8.15	5.58	7.14	8.08	9.35	8.65	8.06	9.98	8.59	9.71	6.83	7.34	7.77	6.79	6.05	6.12	7.82	7.91	4.83	6.74	8.77	9.14	7.03	7.92	6.23	9.42	7.88	7.19	10.35	7.77	.58	4.28	7.49	
initialCoverageValue----------	360	360	360	360	360	360	360	360	360	360	360	360	360	360	360	360	360	360	360	360	360	360	360	360	360	360	360	360	360	360	360	360	360	360	360	360	360	360	360	360	360	360	360	360	360	360	360	360	360	360	360	360	360	360	360	360	360	360	360	360	360	360	360	360	360	360	360	360	360	360	360	360	360	360	360	360	360	360	360	360	360	360	360	360	360	360	360	360	360	360	360	360	360	360	360	360	360	360	360	360	
initialRedundantCoverageValue-	2580	2040	2580	2580	2880	2820	2460	2700	2040	2100	2220	2460	1920	2520	2640	2700	2700	2340	1980	2760	2220	2400	2700	2640	2640	2460	2280	2760	2700	2100	2580	2820	2280	2280	2460	2520	2820	2220	2100	2460	1800	2640	2640	2340	3180	2100	2280	2220	3240	2340	2280	2580	1560	2160	1980	1860	2340	2160	2880	3120	2100	3300	2640	2820	2040	2580	2400	3000	2280	2160	2280	2100	2040	2520	2340	2040	2580	2340	3060	2220	3180	2400	2880	1920	2280	2760	2100	2400	3300	2580	2940	2880	2820	1980	2580	2160	1920	2280	2280	2640	
additionalPoiTime-------------	0.0
algorithmTime-----------------	1.418517093E8
serverTime--------------------	3400821.8
Total Transferred Metadata----	15326

Photo List Size: 4952
Gained Coverage %-------------	0.9813888888888889
Gained Redundancy %-----------	0.20723255055446838
Total Cluster Created---------	50
Total Transferred Photo-------	17472
Total Photo at Destination----	1448
Coverage Group----------------	1-30	31-60	61-90	91-120	121-150	151-180	181-210	211-240	241-270	271-300	301-330	331-360	
Coverage Distribution---------	0	0	0	0	0	0	0	0	1	1	3	95	
Ratio Group-------------------	.0	.1	.2	.3	.4	.5	.6	.7	.8	.9	1.0	
Coverage Ratio----------------	0	0	0	0	0	0	0	0	1	2	97	
Redundant Ratio---------------	0	10	43	27	17	3	0	0	0	0	0	
NumberOfPoint Group-----------	0	1	2	3	4	5	6	
NumOfPoint Distribution-------	0	1	6	18	20	4	1	
SD Group----------------------	0-1	1-2	2-3	3-4	4-5	5-6	6-7	7-8	8-9	9-10	10-11	
SD Distribution---------------	51	0	0	0	2	3	10	11	9	11	3	
Half Coverage Group-----------	0-33750	33750-67500	67500-101250	101250-135000	135000-168750	168750-202500	202500-236250	236250-270000	270000-303750	303750-337500	337500-371250	
Half Cvg Time Distribution----	19	12	24	12	33	0	0	0	0	0	0	
Transferred Photo Group-------	0-33750	33750-67500	67500-101250	101250-135000	135000-168750	168750-202500	202500-236250	236250-270000	270000-303750	303750-337500	337500-371250	
Photo Time Distribution-------	3405	4765	2989	200	24257	1198	3321	1207	0	96	0	

Cvg&Red Distribution----------	0.0	2.0	33750.0	67500.0	135000.0	270000.0	168750.0	337500.0	101250.0	202500.0	303750.0	236250.0	
Average PhotoNum--------------	51.05154639175258	51.05154639175258	52.09278350515464	56.34020618556701	58.78350515463917	78.83505154639175	77.21649484536083	77.54639175257732	58.75257731958763	76.97938144329896	78.83505154639175	77.6701030927835	
Nodes Above Average-----------	50	50	48	46	46	66	61	65	46	62	66	64	
Nodes Below Average-----------	47	47	49	51	51	31	36	32	51	35	31	33	

Average Coverage--------------	2931.082474226804	2931.082474226804	2987.8762886597938	3217.1134020618556	3347.680412371134	4383.474226804124	4290.896907216495	4313.041237113402	3344.463917525773	4279.835051546392	4383.474226804124	4326.371134020618	
Nodes Above Average-----------	52	52	49	47	44	65	61	65	45	62	65	63	
Nodes Below Average-----------	45	45	48	50	53	32	36	32	52	35	32	34	
Photos Above Average----------	61	61	63	72	79	96	97	95	78	96	96	96	
Photos Below Average----------	38	38	39	41	41	42	42	42	41	41	42	42	
Network Coverage--------------	36000	36000	36000	36000	36000	35996	36000	35996	36000	36000	35996	35996	

Average Redundancy------------	132.01030927835052	132.01030927835052	137.69072164948454	163.29896907216494	179.3298969072165	346.62886597938143	342.0927835051546	339.74226804123714	180.69072164948454	338.92783505154637	346.62886597938143	333.83505154639175	
Nodes Above Average-----------	43	43	41	40	36	52	51	49	36	51	52	54	
Nodes Below Average-----------	54	54	56	57	61	45	46	48	61	46	45	43	
Photos Above Average----------	59	59	62	72	81	97	97	96	81	96	97	96	
Photos Below Average----------	44	44	44	44	45	57	54	57	45	54	57	53	
Network Redundancy------------	261120	261120	267180	291900	306120	422824	413400	415324	305940	412020	422824	416044	

