Message stats for scenario S_3-Photo_5000-Scenario_4-ActualPOI_50
sim_time: 337500.0000

Photo List Size: 4823
coverageValue-----------------	360	360	360	360	360	360	360	360	360	360	360	360	360	360	360	360	360	360	360	360	360	360	360	360	360	355	360	360	360	360	360	360	360	360	360	360	360	360	360	360	360	360	360	360	360	360	360	360	360	360	360	360	360	354	360	360	360	360	360	360	360	360	360	360	360	360	360	360	360	360	360	360	360	360	360	348	360	360	360	360	360	360	360	345	360	360	360	360	360	360	359	360	360	360	360	360	360	360	360	360	
redundantCoverageValue--------	240	360	480	240	240	240	360	360	240	360	420	240	300	240	300	480	540	300	240	240	600	300	240	300	720	365	360	360	360	360	360	540	480	360	180	360	300	360	360	360	240	420	240	300	240	360	660	300	180	480	960	1260	1320	786	780	1080	1080	720	960	840	960	900	960	1200	1080	1020	840	780	960	960	960	1320	1380	1260	1140	1092	1140	780	660	960	660	900	1440	855	1320	1200	840	540	660	900	1081	960	1140	1020	660	660	1140	660	840	540	
halfCoverageTime--------------	7844.0	8462.0	5578.0	19811.0	6830.0	6590.0	5274.0	19828.0	47050.0	8300.0	6602.0	5521.0	3993.0	47924.0	8402.0	4648.0	6176.0	48486.0	5868.0	5816.0	7375.0	7708.0	11780.0	6607.0	5140.0	11750.0	45002.0	47512.0	7860.0	8492.0	6681.0	47330.0	10556.0	8514.0	4970.0	6501.0	6874.0	8446.0	6845.0	5874.0	2612.0	5162.0	1510.0	8373.0	6532.0	5336.0	5380.0	1382.0	11716.0	8323.0	7696.0	1818.0	1934.0	4945.0	1740.0	4666.0	10576.0	5093.0	5173.0	5432.0	3803.0	9494.0	3964.0	5032.0	3982.0	4980.0	11774.0	5323.0	5398.0	6787.0	6226.0	12268.0	1889.0	1904.0	1987.0	5510.0	12292.0	5416.0	6182.0	7838.0	11694.0	5573.0	3798.0	1522.0	3940.0	1588.0	6253.0	5152.0	11740.0	4965.0	7348.0	8312.0	2008.0	5840.0	8482.0	5020.0	1914.0	2552.0	3832.0	5098.0	
numberOfPoint-----------------	1	1	1	1	1	1	1	1	1	1	1	1	1	1	1	1	1	1	1	1	1	1	1	1	1	1	1	1	1	1	1	1	1	1	1	1	1	1	1	1	1	1	1	1	1	1	1	1	1	1	3	5	4	2	3	4	4	2	3	2	4	4	4	4	4	3	4	3	4	3	3	4	4	4	5	3	4	3	2	4	3	5	5	3	3	4	3	3	4	3	4	3	4	4	3	3	4	2	3	3	
standardDeviation-------------	.0	.0	.0	.0	.0	.0	.0	.0	.0	.0	.0	.0	.0	.0	.0	.0	.0	.0	.0	.0	.0	.0	.0	.0	.0	.0	.0	.0	.0	.0	.0	.0	.0	.0	.0	.0	.0	.0	.0	.0	.0	.0	.0	.0	.0	.0	.0	.0	.0	.0	7.32	8.69	7.55	5.09	6.69	9.91	8.81	5.1	8.57	5.63	9.57	10.12	8.34	9.18	9.06	6.26	10.76	7.2	9.43	8.18	9.29	8.67	7.55	7.79	8.99	6.73	8.17	9.12	7.54	9.43	9.01	8.7	9.79	6.49	8.8	9.48	7.13	7.59	9.26	5.77	8.28	5.91	10.02	8.41	8.71	8.21	8.69	6.79	7.14	5.89	
initialCoverageValue----------	360	360	360	360	360	360	360	360	360	360	360	360	360	360	360	360	360	360	360	360	360	360	360	360	360	355	360	360	360	360	360	360	360	360	360	360	360	360	360	360	360	360	360	360	360	360	360	360	360	360	360	360	360	360	360	360	360	360	360	360	360	360	360	360	360	360	360	360	360	360	360	360	360	360	360	351	360	360	360	360	360	360	360	360	360	360	360	360	360	360	360	360	360	360	360	360	360	360	360	360	
initialRedundantCoverageValue-	2580	2820	2640	2520	3120	2940	2220	2100	1860	1980	2100	2580	2400	2340	2280	2460	2580	1440	2100	2040	2460	1860	2760	2820	2700	1625	2340	1980	2640	2160	2280	2760	2760	2760	2760	2520	2640	2340	2460	2460	2520	2820	2460	2580	2580	1920	1860	1980	1920	2640	2400	2640	3060	2640	2280	2640	2880	2100	2580	2520	2220	1740	2760	2640	2640	2280	2340	2580	2460	2520	1980	2700	2460	2760	2700	2289	2580	2040	1860	1740	2520	2280	3060	2580	2400	2220	2340	2880	1860	2340	2340	3180	3180	2640	2160	2520	3000	2400	2400	2220	
additionalPoiTime-------------	8.424054E7
algorithmTime-----------------	1.456737338E8
serverTime--------------------	8361653.6
Total Transferred Metadata----	14098

Photo List Size: 4823
Gained Coverage %-------------	0.9993052853887623
Gained Redundancy %-----------	0.2700214802439366
Total Cluster Created---------	50
Total Transferred Photo-------	61177
Total Photo at Destination----	1725
Coverage Group----------------	1-30	31-60	61-90	91-120	121-150	151-180	181-210	211-240	241-270	271-300	301-330	331-360	
Coverage Distribution---------	0	0	0	0	0	0	0	0	0	0	0	100	
Ratio Group-------------------	.0	.1	.2	.3	.4	.5	.6	.7	.8	.9	1.0	
Coverage Ratio----------------	0	0	0	0	0	0	0	0	0	0	100	
Redundant Ratio---------------	0	11	34	10	25	15	5	0	0	0	0	
NumberOfPoint Group-----------	0	1	2	3	4	5	
NumOfPoint Distribution-------	0	0	5	20	21	4	
SD Group----------------------	0-1	1-2	2-3	3-4	4-5	5-6	6-7	7-8	8-9	9-10	10-11	
SD Distribution---------------	50	0	0	0	0	6	5	9	15	12	3	
Half Coverage Group-----------	0-33750	33750-67500	67500-101250	101250-135000	135000-168750	168750-202500	202500-236250	236250-270000	270000-303750	303750-337500	337500-371250	
Half Cvg Time Distribution----	94	6	0	0	0	0	0	0	0	0	0	
Transferred Photo Group-------	0-33750	33750-67500	67500-101250	101250-135000	135000-168750	168750-202500	202500-236250	236250-270000	270000-303750	303750-337500	337500-371250	
Photo Time Distribution-------	73319	71877	25821	641	44447	3504	5552	2113	0	701	0	

Cvg&Red Distribution----------	0.0	2.0	33750.0	67500.0	135000.0	270000.0	168750.0	337500.0	101250.0	202500.0	303750.0	236250.0	
Average PhotoNum--------------	50.76842105263158	50.76842105263158	68.89473684210526	88.81052631578947	88.6421052631579	94.65263157894736	93.07368421052631	94.77894736842106	88.89473684210526	93.7578947368421	94.65263157894736	94.26315789473684	
Nodes Above Average-----------	50	50	44	74	75	85	82	86	75	83	85	84	
Nodes Below Average-----------	45	45	51	21	20	10	13	9	20	12	10	11	

Average Coverage--------------	2912.8	2912.8	3861.6315789473683	4912.789473684211	4903.778947368421	5215.905263157894	5131.515789473684	5221.547368421053	4918.526315789473	5166.0842105263155	5215.905263157894	5194.7052631578945	
Nodes Above Average-----------	51	51	44	73	73	84	82	85	73	83	84	84	
Nodes Below Average-----------	44	44	51	22	22	11	13	10	22	12	11	11	
Photos Above Average----------	61	61	95	98	98	99	99	99	98	99	99	99	
Photos Below Average----------	38	38	45	55	56	56	51	53	56	53	56	53	
Network Coverage--------------	35971	35971	35956	35956	35949	35945	35945	35945	35949	35945	35945	35945	

Average Redundancy------------	133.30526315789473	133.30526315789473	272.05263157894734	415.8421052631579	414.7473684210526	463.2526315789474	452.90526315789475	465.18947368421055	415.1578947368421	459.38947368421054	463.2526315789474	461.0842105263158	
Nodes Above Average-----------	46	46	39	53	54	51	56	49	53	56	51	54	
Nodes Below Average-----------	49	49	56	42	41	44	39	46	42	39	44	41	
Photos Above Average----------	57	57	96	98	98	99	99	99	98	99	99	99	
Photos Below Average----------	44	44	49	76	75	88	83	89	76	85	88	87	
Network Redundancy------------	253409	253409	356744	470264	469311	503575	494575	504295	470751	498475	503575	501355	

