Message stats for scenario S_3-Photo_5000-Scenario_8-ActualPOI_50
sim_time: 337500.0000

Photo List Size: 3697
coverageValue-----------------	360	360	360	360	360	360	360	360	360	360	360	360	353	360	360	360	360	360	360	360	360	360	360	360	360	360	360	360	360	360	360	360	360	360	360	360	360	360	360	360	360	360	360	358	360	360	360	360	360	360	360	349	354	360	360	360	360	358	357	326	360	360	360	360	360	360	360	348	334	360	360	360	358	360	360	360	360	360	360	360	360	360	360	360	352	360	360	360	351	360	360	360	360	360	360	360	360	360	360	360	
redundantCoverageValue--------	2280	1920	1800	2160	2220	1920	2460	2100	1680	2820	2820	2100	1567	2220	1920	2280	1860	1680	2100	2100	2220	2160	1260	1860	2160	2220	1500	1920	1680	1800	2100	1920	1980	1680	2580	2400	2100	1260	1920	2400	2520	2040	2100	1982	2340	1980	2040	1560	1980	1980	1680	1031	1326	1500	1260	1800	1920	1562	1443	934	1320	1440	1680	1740	1260	1740	1080	1512	1046	1680	1200	1260	1262	1920	1200	1680	1320	1440	1320	1620	1320	1440	1680	2160	1388	1680	1800	1740	1629	1860	1860	1920	1380	1500	780	1320	1320	1020	660	1200	
halfCoverageTime--------------	6845.0	8519.0	8487.0	2218.0	48172.0	16794.0	8328.0	8270.0	9472.0	9770.0	6660.0	47208.0	9694.0	8451.0	8418.0	6640.0	6708.0	24480.0	7392.0	7308.0	9500.0	19746.0	16718.0	6562.0	11997.0	6538.0	16624.0	6532.0	7324.0	48190.0	5152.0	1376.0	16652.0	6777.0	5648.0	6798.0	5610.0	7330.0	48230.0	8502.0	7397.0	9714.0	6945.0	16688.0	7021.0	48446.0	7005.0	6935.0	6886.0	9719.0	48846.0	51437.0	48743.0	50124.0	696.0	1394.0	47242.0	50985.0	8472.0	49241.0	8288.0	48678.0	5157.0	49376.0	51913.0	48138.0	4942.0	51078.0	48457.0	6676.0	6580.0	49561.0	47178.0	16606.0	49766.0	48743.0	16806.0	11906.0	8446.0	8456.0	52964.0	48150.0	49783.0	16618.0	48395.0	6787.0	48253.0	8441.0	50272.0	6792.0	7297.0	9699.0	5122.0	47560.0	54714.0	6782.0	8343.0	50158.0	52746.0	11956.0	
numberOfPoint-----------------	1	1	1	1	1	1	1	1	1	1	1	1	1	1	1	1	1	1	1	1	1	1	1	1	1	1	1	1	1	1	1	1	1	1	1	1	1	1	1	1	1	1	1	1	1	1	1	1	1	1	2	3	3	4	3	4	3	2	4	3	2	2	4	3	3	1	3	3	3	2	3	3	3	3	2	3	5	3	4	4	4	3	3	2	4	2	4	3	4	2	3	2	3	3	1	4	4	4	2	2	
standardDeviation-------------	.0	.0	.0	.0	.0	.0	.0	.0	.0	.0	.0	.0	.0	.0	.0	.0	.0	.0	.0	.0	.0	.0	.0	.0	.0	.0	.0	.0	.0	.0	.0	.0	.0	.0	.0	.0	.0	.0	.0	.0	.0	.0	.0	.0	.0	.0	.0	.0	.0	.0	9.63	8.63	6.56	9.09	6.72	9.79	7.82	5.71	8.66	7.91	4.77	6.12	9.16	9.61	7.67	.5	7.64	9.01	8.99	4.3	9.24	6.21	8.44	7.93	5.92	6.01	9.63	9.31	8.77	8.83	9.57	6.43	8.65	5.59	8.85	10.7	9.02	7.89	8.85	5.31	10.15	5.9	7.93	6.79	.54	7.9	8.16	8.02	7.1	5.59	
initialCoverageValue----------	360	360	360	360	360	360	360	360	360	360	360	360	353	360	360	360	360	360	360	360	360	360	360	360	360	360	360	360	360	360	360	360	360	360	360	360	360	360	360	360	360	360	360	358	360	360	360	360	360	360	360	360	354	360	360	360	360	360	357	360	360	360	360	360	360	360	360	360	360	360	360	360	360	360	360	360	360	360	360	360	360	360	360	360	352	360	360	360	360	360	360	360	360	360	360	360	360	360	360	360	
initialRedundantCoverageValue-	2460	2100	2280	2460	2640	2580	2760	2520	1800	3060	3060	2460	1687	2760	2340	2400	2400	2100	2220	2820	2340	2580	1380	2280	2340	2580	1680	2160	2220	2100	2520	2220	2400	1800	3120	2640	2580	1440	2340	2640	2760	2400	2460	2342	2700	2220	2340	1800	2280	2220	2700	2040	2466	2640	2760	2940	3420	2460	2343	1800	2640	2520	2760	2640	2280	2880	2220	2820	2220	2580	2100	1980	2220	2520	2160	2760	2340	2640	2280	2880	2280	2520	2700	3180	2048	3120	2580	2940	2820	3060	2760	2760	2520	2460	1980	2760	2340	1740	1860	2220	
additionalPoiTime-------------	951606.1
algorithmTime-----------------	1.06328224410516E11
serverTime--------------------	4149626.6
Total Transferred Metadata----	7750

Photo List Size: 3697
Gained Coverage %-------------	0.9973314060154556
Gained Redundancy %-----------	0.716717465064121
Total Cluster Created---------	0
Total Transferred Photo-------	137838
Total Photo at Destination----	3706
Coverage Group----------------	1-30	31-60	61-90	91-120	121-150	151-180	181-210	211-240	241-270	271-300	301-330	331-360	
Coverage Distribution---------	0	0	0	0	0	0	0	0	0	0	1	99	
Ratio Group-------------------	.0	.1	.2	.3	.4	.5	.6	.7	.8	.9	1.0	
Coverage Ratio----------------	0	0	0	0	0	0	0	0	0	0	100	
Redundant Ratio---------------	0	0	0	0	2	5	24	18	7	29	15	
NumberOfPoint Group-----------	0	1	2	3	4	5	
NumOfPoint Distribution-------	0	2	12	22	13	1	
SD Group----------------------	0-1	1-2	2-3	3-4	4-5	5-6	6-7	7-8	8-9	9-10	10-11	
SD Distribution---------------	52	0	0	0	2	6	7	9	11	11	2	
Half Coverage Group-----------	0-33750	33750-67500	67500-101250	101250-135000	135000-168750	168750-202500	202500-236250	236250-270000	270000-303750	303750-337500	337500-371250	
Half Cvg Time Distribution----	68	32	0	0	0	0	0	0	0	0	0	
Transferred Photo Group-------	0-33750	33750-67500	67500-101250	101250-135000	135000-168750	168750-202500	202500-236250	236250-270000	270000-303750	303750-337500	337500-371250	
Photo Time Distribution-------	115188	120899	52019	5127	93010	9398	15659	10942	948	6548	0	

Cvg&Red Distribution----------	0.0	2.0	33750.0	67500.0	135000.0	270000.0	168750.0	337500.0	101250.0	202500.0	303750.0	236250.0	
Average PhotoNum--------------	50.76842105263158	50.76842105263158	93.69473684210526	99.69473684210526	100.0	99.98947368421052	99.96842105263158	99.98947368421052	99.96842105263158	99.96842105263158	99.98947368421052	99.98947368421052	
Nodes Above Average-----------	50	50	81	93	0	94	92	94	94	92	94	94	
Nodes Below Average-----------	45	45	14	2	95	1	3	1	1	3	1	1	

Average Coverage--------------	2911.0315789473684	2911.0315789473684	5123.168421052632	5410.778947368421	5450.642105263158	5451.452631578947	5439.894736842105	5439.8421052631575	5439.547368421053	5446.557894736842	5444.715789473684	5450.831578947368	
Nodes Above Average-----------	47	47	80	52	47	46	49	47	47	48	45	45	
Nodes Below Average-----------	48	48	15	43	48	49	46	48	48	47	50	50	
Photos Above Average----------	62	62	99	100	100	100	100	100	100	100	100	100	
Photos Below Average----------	39	39	61	99	100	99	99	99	99	99	99	99	
Network Coverage--------------	35974	35974	35974	35974	35974	35974	35974	35974	35974	35974	35974	35974	

Average Redundancy------------	135.07368421052632	135.07368421052632	498.5157894736842	570.9052631578948	549.3578947368421	547.9157894736842	558.2105263157895	559.5263157894736	558.5578947368421	551.5473684210526	554.6526315789474	548.5368421052632	
Nodes Above Average-----------	46	46	51	47	48	49	46	48	47	47	50	50	
Nodes Below Average-----------	49	49	44	48	47	46	49	47	48	48	45	45	
Photos Above Average----------	58	58	99	100	100	99	99	99	100	99	99	99	
Photos Below Average----------	43	43	86	99	100	100	100	100	99	100	100	100	
Network Redundancy------------	253406	253406	498086	532286	534026	533966	533846	533966	533846	533846	533966	533966	

