Message stats for scenario S_3-Photo_5000-Scenario_6-ActualPOI_50
sim_time: 337500.0000

Photo List Size: 4088
coverageValue-----------------	355	360	360	360	360	360	360	360	360	360	360	360	360	360	360	360	360	360	360	360	360	360	360	360	360	360	360	360	360	360	355	360	360	360	360	360	360	360	360	360	360	360	360	360	360	360	360	360	360	360	360	360	360	360	360	360	360	360	360	360	360	360	360	360	360	360	360	360	360	360	360	360	360	360	360	359	360	360	360	360	360	360	360	360	360	360	360	360	360	360	360	360	360	360	360	360	360	360	360	360	
redundantCoverageValue--------	1385	1860	2040	2520	1740	1560	1980	2280	1620	2040	2040	1980	1680	2160	1980	1860	2280	1260	1860	1200	1920	1440	1800	2100	2340	2280	1800	2580	1920	2220	1865	2340	2400	1620	1680	2160	1440	2400	1980	2100	1920	2280	1860	1500	2040	1920	1800	1500	1260	2160	1800	1560	2100	2040	2340	1740	1860	2340	2340	2220	1620	2280	2160	1860	2160	2220	1500	2040	1500	1920	2280	1800	2040	1800	1560	1681	2220	1980	2100	1680	1680	2460	1620	1860	1980	1920	2100	2100	2280	2100	1560	1920	1860	2940	2100	1380	1860	2820	1980	2040	
halfCoverageTime--------------	47480.0	48266.0	3035.0	2018.0	7304.0	50625.0	5352.0	5752.0	48049.0	11728.0	5059.0	8384.0	6950.0	7309.0	5128.0	6839.0	4938.0	7641.0	4888.0	11786.0	48177.0	11750.0	5093.0	6919.0	45794.0	7454.0	3884.0	1884.0	24462.0	3812.0	7482.0	12406.0	5783.0	5368.0	7354.0	8300.0	48770.0	6758.0	8348.0	6220.0	8333.0	7005.0	11734.0	5758.0	6886.0	45818.0	5374.0	48150.0	45863.0	6796.0	7804.0	8441.0	48476.0	19712.0	3002.0	1600.0	5742.0	12424.0	6880.0	3998.0	8276.0	4894.0	2996.0	5768.0	4963.0	4928.0	7314.0	49070.0	8482.0	47282.0	5410.0	7370.0	3964.0	6820.0	5720.0	8519.0	2602.0	5146.0	8288.0	6870.0	47066.0	45852.0	47270.0	5726.0	5747.0	6926.0	5346.0	8407.0	3800.0	2564.0	19676.0	45830.0	6904.0	2607.0	4853.0	7530.0	5306.0	5316.0	2582.0	2592.0	
numberOfPoint-----------------	1	1	1	1	1	1	1	1	1	1	1	1	1	1	1	1	1	1	1	1	1	1	1	1	1	1	1	1	1	1	1	1	1	1	1	1	1	1	1	1	1	1	1	1	1	1	1	1	1	1	2	3	3	4	4	2	3	4	3	4	2	3	4	3	3	4	5	4	2	3	4	6	3	4	3	6	4	3	3	3	3	5	4	1	2	2	3	5	4	3	3	4	4	3	3	4	3	4	4	3	
standardDeviation-------------	.0	.0	.0	.0	.0	.0	.0	.0	.0	.0	.0	.0	.0	.0	.0	.0	.0	.0	.0	.0	.0	.0	.0	.0	.0	.0	.0	.0	.0	.0	.0	.0	.0	.0	.0	.0	.0	.0	.0	.0	.0	.0	.0	.0	.0	.0	.0	.0	.0	.0	5.82	6.66	7.33	9.9	10.42	4.14	7.95	6.83	7.23	9.13	4.4	7.22	9.49	9.31	6.5	7.73	9.55	8.45	5.62	7.78	8.73	10.88	6.56	7.6	8.92	7.66	9.38	7.66	8.8	7.21	7.29	9.68	8.62	1.2	9.98	7.41	8.71	10.25	9.27	7.04	7.89	9.17	10.35	7.55	9.35	8.62	7.04	10.52	7.97	8.51	
initialCoverageValue----------	360	360	360	360	360	360	360	360	360	360	360	360	360	360	360	360	360	360	360	360	360	360	360	360	360	360	360	360	360	360	360	360	360	360	360	360	360	360	360	360	360	360	360	360	360	360	360	360	360	360	360	360	360	360	360	360	360	360	360	360	360	360	360	360	360	360	360	360	360	360	360	360	360	360	360	359	360	360	360	360	360	360	360	360	360	360	360	360	360	360	360	360	360	360	360	360	360	360	360	360	
initialRedundantCoverageValue-	1800	2400	2700	3000	2340	2040	2340	2640	2040	2340	2460	2280	1980	2700	2400	2580	3000	1680	2340	1800	2340	1980	2460	2760	2880	2820	2340	3120	2400	2820	2340	3000	3000	2040	2100	2400	1680	2760	2340	2460	2040	2820	2280	1800	2340	2340	2220	1860	2220	2520	2460	2100	2820	2280	2940	2220	2340	3060	2760	3060	2100	3000	2460	2220	2700	2820	2040	2640	1860	2760	2580	2040	2580	2340	1980	2221	2580	2400	3000	2220	2340	3240	2100	2700	2700	2280	2520	2700	2700	2340	1800	2520	2160	3360	2640	1800	2400	3300	2280	2340	
additionalPoiTime-------------	249601.6
algorithmTime-----------------	3.89120158344E10
serverTime--------------------	1.1700075E7
Total Transferred Metadata----	11076

Photo List Size: 4088
Gained Coverage %-------------	0.9997222145059586
Gained Redundancy %-----------	0.7997468675888114
Total Cluster Created---------	0
Total Transferred Photo-------	74513
Total Photo at Destination----	4120
Coverage Group----------------	1-30	31-60	61-90	91-120	121-150	151-180	181-210	211-240	241-270	271-300	301-330	331-360	
Coverage Distribution---------	0	0	0	0	0	0	0	0	0	0	0	100	
Ratio Group-------------------	.0	.1	.2	.3	.4	.5	.6	.7	.8	.9	1.0	
Coverage Ratio----------------	0	0	0	0	0	0	0	0	0	0	100	
Redundant Ratio---------------	0	0	0	0	0	0	1	4	50	44	1	
NumberOfPoint Group-----------	0	1	2	3	4	5	6	
NumOfPoint Distribution-------	0	1	6	21	17	3	2	
SD Group----------------------	0-1	1-2	2-3	3-4	4-5	5-6	6-7	7-8	8-9	9-10	10-11	
SD Distribution---------------	50	1	0	0	2	2	4	17	8	11	5	
Half Coverage Group-----------	0-33750	33750-67500	67500-101250	101250-135000	135000-168750	168750-202500	202500-236250	236250-270000	270000-303750	303750-337500	337500-371250	
Half Cvg Time Distribution----	83	17	0	0	0	0	0	0	0	0	0	
Transferred Photo Group-------	0-33750	33750-67500	67500-101250	101250-135000	135000-168750	168750-202500	202500-236250	236250-270000	270000-303750	303750-337500	337500-371250	
Photo Time Distribution-------	62609	70837	21529	1706	33079	2716	4889	3083	80	2162	0	

Cvg&Red Distribution----------	0.0	2.0	33750.0	67500.0	135000.0	270000.0	168750.0	337500.0	101250.0	202500.0	303750.0	236250.0	
Average PhotoNum--------------	50.76842105263158	50.76842105263158	72.10526315789474	93.10526315789474	95.72631578947369	97.69473684210526	97.54736842105264	97.69473684210526	95.71578947368421	97.54736842105264	97.69473684210526	97.69473684210526	
Nodes Above Average-----------	50	50	44	85	88	91	90	91	88	90	91	91	
Nodes Below Average-----------	45	45	51	10	7	4	5	4	7	5	4	4	

Average Coverage--------------	2921.2	2921.2	4054.536842105263	5158.6	5302.2	5399.968421052631	5399.578947368421	5399.968421052631	5302.957894736842	5396.4	5399.968421052631	5402.6	
Nodes Above Average-----------	50	50	45	85	85	75	75	75	85	75	75	76	
Nodes Below Average-----------	45	45	50	10	10	20	20	20	10	20	20	19	
Photos Above Average----------	61	61	97	99	100	100	100	100	99	100	100	100	
Photos Below Average----------	38	38	49	34	59	89	88	89	59	88	89	88	
Network Coverage--------------	35999	35999	35981	35972	35972	35916	35947	35916	35972	35943	35916	35920	

Average Redundancy------------	124.90526315789474	124.90526315789474	271.77894736842103	427.7157894736842	441.37894736842105	461.7157894736842	453.2631578947368	461.7157894736842	439.9894736842105	456.4421052631579	461.7157894736842	459.0842105263158	
Nodes Above Average-----------	42	42	45	56	50	51	47	51	52	48	51	49	
Nodes Below Average-----------	53	53	50	39	45	44	48	44	43	47	44	46	
Photos Above Average----------	58	58	95	99	99	100	100	100	99	100	100	100	
Photos Below Average----------	44	44	50	83	91	95	95	95	90	95	95	95	
Network Redundancy------------	253381	253381	375019	494728	509668	520944	520073	520944	509608	520077	520944	520940	

