Message stats for scenario S_3-Photo_5000-Scenario_7-ActualPOI_50
sim_time: 337500.0000

Photo List Size: 4823
coverageValue-----------------	360	360	360	360	360	360	360	360	360	360	360	360	360	360	360	360	360	360	360	360	360	360	360	360	360	360	360	360	360	360	360	360	360	360	360	360	360	360	360	360	360	360	360	360	360	360	360	360	360	360	360	360	360	360	360	360	360	360	360	360	360	331	360	360	360	360	360	360	360	360	360	360	360	360	360	360	360	360	360	360	360	360	360	360	360	360	360	360	360	360	360	360	360	360	360	360	360	360	360	360	
redundantCoverageValue--------	2460	2520	2340	1980	2460	2220	2460	1680	1920	1860	2520	1680	2580	1860	1560	1980	1860	1980	2340	2580	2400	2400	2340	2760	2400	1680	2280	2520	2160	2760	2340	2400	2520	2280	2400	2280	1740	2340	1980	2400	1680	2220	2160	2400	1920	1980	1620	1500	1380	1680	2700	2100	2400	2340	1860	2100	2340	2340	1860	1740	2700	1589	1800	2700	2100	2220	2760	1920	2280	2040	1980	2580	1800	1200	1920	1740	2820	1860	1740	1920	2160	2760	2280	1080	2400	2340	1860	2220	1980	2040	2280	2880	2160	1920	2100	2040	1620	2040	1860	1920	
halfCoverageTime--------------	49812.0	4950.0	6874.0	8456.0	5598.0	6214.0	7754.0	6820.0	10774.0	5592.0	6856.0	9512.0	3993.0	47529.0	6850.0	5104.0	8446.0	6840.0	5447.0	12257.0	6825.0	6192.0	6935.0	6804.0	6810.0	11734.0	10456.0	8306.0	7778.0	702.0	45300.0	4919.0	5350.0	10491.0	6994.0	1874.0	6896.0	5323.0	9064.0	4684.0	5516.0	5392.0	3923.0	3952.0	6186.0	6880.0	8441.0	7004.0	6912.0	10348.0	4945.0	2534.0	4654.0	5874.0	6940.0	9026.0	8312.0	4672.0	5282.0	5638.0	2558.0	12371.0	8358.0	8323.0	6815.0	3894.0	4914.0	5632.0	4700.0	6912.0	1946.0	7297.0	7678.0	48934.0	6820.0	1862.0	1636.0	11716.0	45324.0	1932.0	2587.0	2622.0	7056.0	9437.0	1952.0	5480.0	1922.0	9442.0	3832.0	5190.0	8402.0	6238.0	1987.0	5140.0	8996.0	11694.0	1796.0	9447.0	47202.0	7342.0	
numberOfPoint-----------------	1	1	1	1	1	1	1	1	1	1	1	1	1	1	1	1	1	1	1	1	1	1	1	1	1	1	1	1	1	1	1	1	1	1	1	1	1	1	1	1	1	1	1	1	1	1	1	1	1	1	4	4	4	4	3	4	5	3	4	4	4	3	2	4	4	5	5	2	3	2	3	4	4	3	5	4	2	3	4	4	4	4	4	3	2	4	3	3	4	3	4	5	4	2	2	4	4	3	5	5	
standardDeviation-------------	.0	.0	.0	.0	.0	.0	.0	.0	.0	.0	.0	.0	.0	.0	.0	.0	.0	.0	.0	.0	.0	.0	.0	.0	.0	.0	.0	.0	.0	.0	.0	.0	.0	.0	.0	.0	.0	.0	.0	.0	.0	.0	.0	.0	.0	.0	.0	.0	.0	.0	8.62	7.53	8.89	9.28	8.83	7.88	9.79	10.03	8.88	7.96	7.3	7.45	4.47	10.32	9.2	9.96	8.77	5.8	8.6	5.55	6.09	7.82	8.96	8.46	9.92	9.11	5.12	8.16	9.69	8.92	8.72	10.17	9.09	11.59	5.35	7.49	7.67	8.68	10.38	6.9	8.74	10.03	8.98	5.83	5.28	6.85	9.86	10.95	10.58	9.76	
initialCoverageValue----------	360	360	360	360	360	360	360	360	360	360	360	360	360	360	360	360	360	360	360	360	360	360	360	360	360	360	360	360	360	360	360	360	360	360	360	360	360	360	360	360	360	360	360	360	360	360	360	360	360	360	360	360	360	360	360	360	360	360	360	360	360	360	360	360	360	360	360	360	360	360	360	360	360	360	360	360	360	360	360	360	360	360	360	360	360	360	360	360	360	360	360	360	360	360	360	360	360	360	360	360	
initialRedundantCoverageValue-	2640	2820	2520	2160	2700	2640	2820	2040	2220	2100	2880	1920	2640	2280	1860	2340	2340	2280	2580	2880	2460	2880	2460	3420	2880	2100	2640	2640	2520	3060	2400	2700	2640	2340	2640	2520	2040	3060	2280	3000	1980	2340	2580	2700	2280	2460	1920	1560	1680	1860	2760	2460	2700	2700	2280	2340	3060	2580	2100	2100	2760	1740	1860	2820	2340	2640	3000	2220	2460	2220	2160	3000	1920	1560	2040	2100	3060	1980	2040	2220	2460	3240	2640	1380	2520	2940	2040	2520	2220	2460	2760	3360	2580	2160	2340	2280	2160	2400	2100	2220	
additionalPoiTime-------------	7.93421086E7
algorithmTime-----------------	1.491837563E8
serverTime--------------------	8845256.7
Total Transferred Metadata----	14102

Photo List Size: 4823
Gained Coverage %-------------	0.9991944444444445
Gained Redundancy %-----------	0.8782406262875978
Total Cluster Created---------	50
Total Transferred Photo-------	61452
Total Photo at Destination----	4432
Coverage Group----------------	1-30	31-60	61-90	91-120	121-150	151-180	181-210	211-240	241-270	271-300	301-330	331-360	
Coverage Distribution---------	0	0	0	0	0	0	0	0	0	0	0	100	
Ratio Group-------------------	.0	.1	.2	.3	.4	.5	.6	.7	.8	.9	1.0	
Coverage Ratio----------------	0	0	0	0	0	0	0	0	0	0	100	
Redundant Ratio---------------	0	0	0	0	0	0	0	0	9	57	34	
NumberOfPoint Group-----------	0	1	2	3	4	5	
NumOfPoint Distribution-------	0	0	7	12	24	7	
SD Group----------------------	0-1	1-2	2-3	3-4	4-5	5-6	6-7	7-8	8-9	9-10	10-11	11-12	
SD Distribution---------------	50	0	0	0	1	6	3	8	14	10	7	1	
Half Coverage Group-----------	0-33750	33750-67500	67500-101250	101250-135000	135000-168750	168750-202500	202500-236250	236250-270000	270000-303750	303750-337500	337500-371250	
Half Cvg Time Distribution----	94	6	0	0	0	0	0	0	0	0	0	
Transferred Photo Group-------	0-33750	33750-67500	67500-101250	101250-135000	135000-168750	168750-202500	202500-236250	236250-270000	270000-303750	303750-337500	337500-371250	
Photo Time Distribution-------	76863	72482	22524	572	27224	1601	2228	811	0	182	0	

Cvg&Red Distribution----------	0.0	2.0	33750.0	67500.0	135000.0	270000.0	168750.0	337500.0	101250.0	202500.0	303750.0	236250.0	
Average PhotoNum--------------	50.76842105263158	50.76842105263158	68.7578947368421	86.94736842105263	82.38947368421053	76.82105263157895	83.6	74.42105263157895	84.2421052631579	82.82105263157895	76.57894736842105	79.41052631578947	
Nodes Above Average-----------	50	50	45	69	65	55	65	55	65	60	55	57	
Nodes Below Average-----------	45	45	50	26	30	40	30	40	30	35	40	38	

Average Coverage--------------	2915.2631578947367	2915.2631578947367	3879.3894736842103	4849.042105263158	4601.642105263158	4296.41052631579	4657.378947368421	4171.5684210526315	4695.6736842105265	4617.968421052631	4284.178947368421	4423.7052631578945	
Nodes Above Average-----------	50	50	44	68	64	54	65	56	67	61	56	58	
Nodes Below Average-----------	45	45	51	27	31	41	30	39	28	34	39	37	
Photos Above Average----------	61	61	95	97	95	93	96	90	96	96	92	95	
Photos Below Average----------	38	38	46	59	54	54	55	51	55	58	53	54	
Network Coverage--------------	36000	36000	36000	36000	36000	36000	36000	36000	36000	36000	36000	36000	

Average Redundancy------------	130.8421052631579	130.8421052631579	246.0842105263158	367.8	341.7263157894737	312.85263157894735	358.62105263157895	293.69473684210527	358.85263157894735	351.29473684210524	310.5578947368421	340.9263157894737	
Nodes Above Average-----------	40	40	41	51	49	46	50	43	52	51	46	50	
Nodes Below Average-----------	55	55	54	44	46	49	45	52	43	44	49	45	
Photos Above Average----------	61	61	93	97	95	93	97	91	96	96	93	95	
Photos Below Average----------	43	43	49	74	68	61	68	59	69	66	61	61	
Network Redundancy------------	253380	253380	355920	459600	433620	401880	440520	388200	444180	436080	400500	416640	

