Message stats for scenario S_3-Photo_5000-Scenario_5-ActualPOI_50
sim_time: 337500.0000

Photo List Size: 4823
coverageValue-----------------	360	360	360	360	360	360	360	360	360	360	360	360	360	360	360	360	360	360	360	360	360	360	360	360	360	360	360	360	360	360	360	360	360	360	360	360	360	360	360	360	360	360	360	360	360	360	360	360	360	360	360	360	360	360	347	360	360	360	360	360	360	360	360	360	360	360	360	360	360	360	360	360	360	360	360	360	360	360	360	360	360	360	360	360	360	360	360	360	360	360	360	360	358	360	360	360	360	360	357	360	
redundantCoverageValue--------	480	360	240	180	240	360	240	420	600	420	540	360	240	360	420	300	240	360	420	240	360	180	300	600	360	240	360	240	240	420	240	240	420	300	420	540	240	480	300	300	360	240	240	360	420	240	240	540	240	420	1320	660	1140	840	853	600	840	1080	540	1440	300	900	1200	480	960	960	1020	1260	900	1080	840	780	900	900	1080	840	1020	960	840	1140	960	720	1080	1560	1080	1140	960	1200	960	1080	960	900	782	840	1140	780	1260	840	843	1140	
halfCoverageTime--------------	5038.0	738.0	5292.0	6886.0	47823.0	7397.0	2612.0	47490.0	8477.0	6550.0	6226.0	19788.0	5498.0	4666.0	8333.0	1982.0	47248.0	8343.0	47988.0	48156.0	6520.0	3934.0	5270.0	6681.0	46980.0	44976.0	10434.0	10806.0	7798.0	5196.0	5592.0	4684.0	47924.0	6574.0	7850.0	5032.0	47276.0	47170.0	5510.0	48010.0	6820.0	1820.0	47606.0	5773.0	4712.0	12436.0	5392.0	45306.0	48264.0	7749.0	2558.0	6243.0	7320.0	1824.0	5054.0	1898.0	5004.0	2628.0	8502.0	6618.0	6792.0	1740.0	5026.0	9432.0	6556.0	2552.0	1832.0	5157.0	1780.0	10404.0	5190.0	5696.0	5432.0	9527.0	5468.0	6902.0	3840.0	1940.0	6253.0	5668.0	6664.0	10740.0	23596.0	2607.0	5604.0	2582.0	1872.0	46928.0	6640.0	1934.0	7364.0	5648.0	7786.0	1860.0	10561.0	6714.0	7304.0	6532.0	8402.0	9517.0	
numberOfPoint-----------------	1	1	1	1	1	1	1	1	1	1	1	1	1	1	1	1	1	1	1	1	1	1	1	1	1	1	1	1	1	1	1	1	1	1	1	1	1	1	1	1	1	1	1	1	1	1	1	1	1	1	4	3	6	3	5	2	3	4	3	6	2	5	4	3	2	3	5	3	4	3	4	3	3	5	5	3	4	4	4	4	3	2	4	6	5	4	5	4	5	5	3	4	4	3	4	3	5	3	2	2	
standardDeviation-------------	.0	.0	.0	.0	.0	.0	.0	.0	.0	.0	.0	.0	.0	.0	.0	.0	.0	.0	.0	.0	.0	.0	.0	.0	.0	.0	.0	.0	.0	.0	.0	.0	.0	.0	.0	.0	.0	.0	.0	.0	.0	.0	.0	.0	.0	.0	.0	.0	.0	.0	8.66	8.58	10.49	9.08	10.48	6.89	7.06	9.98	7.57	9.6	7.3	11.08	9.1	7.07	5.31	5.7	9.37	8.14	9.6	6.71	7.35	7.55	6.4	10.38	9.76	6.86	7.87	8.57	10.7	9.01	6.59	5.49	10.6	10.25	9.02	8.61	9.23	8.88	9.03	9.11	7.11	10.42	9.15	7.94	6.97	7.11	10.51	6.42	5.34	5.75	
initialCoverageValue----------	360	360	360	360	360	360	360	360	360	360	360	360	360	360	360	360	360	360	360	360	360	360	360	360	360	360	360	360	360	360	360	360	360	360	360	360	360	360	360	360	360	360	360	360	360	360	360	360	360	360	360	360	360	360	347	360	360	360	360	360	360	360	360	360	360	360	360	360	360	360	360	360	360	360	360	360	360	360	360	360	360	360	360	360	360	360	360	360	360	360	360	360	360	360	360	360	360	360	360	360	
initialRedundantCoverageValue-	2460	2100	1800	2700	1920	3060	2580	2460	2760	2580	2160	1860	3240	1920	3060	2340	1320	2280	2040	2280	1920	2280	2400	2940	2100	2220	2880	2400	2700	2340	1680	2100	2220	2460	2340	3060	2520	2700	3300	2040	2700	2280	2520	2160	3060	2280	2820	2580	1920	2340	2700	1980	2700	2460	2053	2580	2280	2580	2700	2820	1200	3120	3300	2400	2220	2820	1980	2400	2820	2880	2640	2400	2460	1920	2520	2700	2460	2100	2340	2460	2520	1860	2520	2340	2460	2700	2880	2040	2520	2280	3060	1920	1800	2580	2280	2520	2400	2220	2400	2280	
additionalPoiTime-------------	0.0
algorithmTime-----------------	1.37592882E8
serverTime--------------------	8798456.4
Total Transferred Metadata----	14146

Photo List Size: 4823
Gained Coverage %-------------	0.9998610609386723
Gained Redundancy %-----------	0.2688611930358672
Total Cluster Created---------	51
Total Transferred Photo-------	60653
Total Photo at Destination----	1716
Coverage Group----------------	1-30	31-60	61-90	91-120	121-150	151-180	181-210	211-240	241-270	271-300	301-330	331-360	
Coverage Distribution---------	0	0	0	0	0	0	0	0	0	0	0	100	
Ratio Group-------------------	.0	.1	.2	.3	.4	.5	.6	.7	.8	.9	1.0	
Coverage Ratio----------------	0	0	0	0	0	0	0	0	0	0	100	
Redundant Ratio---------------	0	10	37	8	21	18	5	1	0	0	0	
NumberOfPoint Group-----------	0	1	2	3	4	5	6	
NumOfPoint Distribution-------	0	0	6	16	15	10	3	
SD Group----------------------	0-1	1-2	2-3	3-4	4-5	5-6	6-7	7-8	8-9	9-10	10-11	11-12	
SD Distribution---------------	50	0	0	0	0	5	7	10	6	13	8	1	
Half Coverage Group-----------	0-33750	33750-67500	67500-101250	101250-135000	135000-168750	168750-202500	202500-236250	236250-270000	270000-303750	303750-337500	337500-371250	
Half Cvg Time Distribution----	85	15	0	0	0	0	0	0	0	0	0	
Transferred Photo Group-------	0-33750	33750-67500	67500-101250	101250-135000	135000-168750	168750-202500	202500-236250	236250-270000	270000-303750	303750-337500	337500-371250	
Photo Time Distribution-------	55661	70661	24160	677	44218	3874	5658	2084	0	716	0	

Cvg&Red Distribution----------	0.0	2.0	33750.0	67500.0	135000.0	270000.0	168750.0	337500.0	101250.0	202500.0	303750.0	236250.0	
Average PhotoNum--------------	50.76842105263158	50.76842105263158	68.29473684210527	88.84210526315789	87.93684210526315	94.88421052631578	93.14736842105263	94.93684210526315	88.26315789473684	93.89473684210526	94.88421052631578	94.37894736842105	
Nodes Above Average-----------	50	50	43	75	73	81	79	82	75	80	81	79	
Nodes Below Average-----------	45	45	52	20	22	14	16	13	20	15	14	16	

Average Coverage--------------	2905.8842105263157	2905.8842105263157	3814.778947368421	4927.905263157894	4883.789473684211	5232.768421052631	5146.2	5235.894736842105	4901.8	5187.694736842105	5232.768421052631	5209.063157894737	
Nodes Above Average-----------	50	50	42	72	73	81	78	82	75	79	81	79	
Nodes Below Average-----------	45	45	53	23	22	14	17	13	20	16	14	16	
Photos Above Average----------	61	61	95	98	97	99	99	99	97	99	99	99	
Photos Below Average----------	38	38	46	57	54	66	62	64	52	65	66	67	
Network Coverage--------------	35985	35985	35971	35959	35958	35958	35958	35958	35958	35958	35958	35958	

Average Redundancy------------	140.22105263157894	140.22105263157894	282.90526315789475	402.62105263157895	392.42105263157896	460.2842105263158	442.6421052631579	460.3157894736842	393.9894736842105	445.9894736842105	460.2842105263158	453.6736842105263	
Nodes Above Average-----------	42	42	39	53	56	54	53	54	56	54	54	52	
Nodes Below Average-----------	53	53	56	42	39	41	42	41	39	41	41	43	
Photos Above Average----------	60	60	93	98	97	99	98	99	98	99	99	99	
Photos Below Average----------	43	43	50	77	73	89	85	89	74	86	89	88	
Network Redundancy------------	253395	253395	353309	470441	465282	504882	494982	505182	467142	499242	504882	502002	

