Message stats for scenario S_5-Photo_5000-Scenario_8-ActualPOI_50
sim_time: 337500.0000

Photo List Size: 4529
coverageValue-----------------	360	360	360	360	360	360	360	360	360	360	360	360	360	360	360	360	360	360	360	360	360	360	360	360	360	360	360	360	360	360	360	352	360	359	360	360	360	360	360	360	360	360	360	360	360	360	360	360	360	360	360	360	360	360	360	360	360	360	360	360	360	360	360	360	360	360	360	360	360	360	360	360	360	360	360	360	360	360	360	360	360	360	360	360	360	360	360	360	360	360	360	360	360	360	360	360	360	360	360	360	
redundantCoverageValue--------	2100	1920	1560	1980	2280	1920	2640	2340	1320	2700	1920	1740	2580	2520	2400	2580	2220	2460	1800	2400	2040	2340	2160	2460	2280	2220	2280	1980	2400	2520	1740	1208	2100	2461	1680	1980	1680	3000	2940	2580	2760	2100	1740	1920	2040	2700	2460	1680	2460	2280	2280	2100	1680	1620	2880	2040	1860	1860	1620	2700	2100	2280	2400	3420	2400	2460	2820	2400	2100	2640	1680	2100	2700	1800	2040	1980	3180	1620	1500	2820	2520	1800	2100	1560	2580	2340	1980	1860	2100	1620	1920	2280	1920	2220	1740	2100	2700	2280	2280	1860	
halfCoverageTime--------------	4016.0	8482.0	5879.0	2230.0	4121.0	4032.0	5741.0	3888.0	12940.0	3767.0	2130.0	3686.0	5038.0	2038.0	6896.0	5168.0	5604.0	4666.0	3728.0	4636.0	7308.0	4672.0	4074.0	4684.0	6815.0	7287.0	4236.0	5363.0	4194.0	5392.0	4973.0	6022.0	4206.0	3722.0	4706.0	4654.0	4984.0	3746.0	5990.0	5588.0	4095.0	3952.0	6960.0	2092.0	2276.0	2235.0	5374.0	5304.0	8656.0	2330.0	5152.0	8338.0	2250.0	9776.0	8318.0	47238.0	5116.0	7136.0	47108.0	47220.0	8270.0	17080.0	8662.0	4111.0	2062.0	5668.0	13102.0	16806.0	6006.0	4056.0	47066.0	5536.0	6820.0	4100.0	47576.0	48202.0	6912.0	48144.0	7354.0	2194.0	7776.0	9760.0	47862.0	47444.0	1570.0	5895.0	13014.0	7165.0	2110.0	28958.0	7726.0	7696.0	5868.0	6950.0	8497.0	7754.0	4154.0	5334.0	48340.0	16812.0	
numberOfPoint-----------------	1	1	1	1	1	1	1	1	1	1	1	1	1	1	1	1	1	1	1	1	1	1	1	1	1	1	1	1	1	1	1	1	1	1	1	1	1	1	1	1	1	1	1	1	1	1	1	1	1	1	4	5	4	4	3	4	1	2	3	5	3	4	2	3	2	3	5	4	3	3	3	4	4	4	3	3	4	3	3	5	4	4	3	2	3	4	4	3	5	5	4	6	2	5	3	3	4	4	2	3	
standardDeviation-------------	.0	.0	.0	.0	.0	.0	.0	.0	.0	.0	.0	.0	.0	.0	.0	.0	.0	.0	.0	.0	.0	.0	.0	.0	.0	.0	.0	.0	.0	.0	.0	.0	.0	.0	.0	.0	.0	.0	.0	.0	.0	.0	.0	.0	.0	.0	.0	.0	.0	.0	10.14	9.26	8.58	9.12	6.42	9.14	1.5	4.65	6.18	9.87	8.89	8.59	5.06	6.72	5.81	8.77	10.64	9.0	5.97	7.71	7.03	7.46	7.11	9.03	6.76	7.59	8.75	7.98	7.89	9.76	9.07	10.06	8.94	5.99	9.1	8.69	7.46	8.14	9.16	10.54	8.05	10.54	6.37	9.8	7.17	6.23	9.6	7.24	5.28	7.44	
initialCoverageValue----------	360	360	360	360	360	360	360	360	360	360	360	360	360	360	360	360	360	360	360	360	360	360	360	360	360	360	360	360	360	360	360	360	360	360	360	360	360	360	360	360	360	360	360	360	360	360	360	360	360	360	360	360	360	360	360	360	360	360	360	360	360	360	360	360	360	360	360	360	360	360	360	360	360	360	360	360	360	360	360	360	360	360	360	360	360	360	360	360	360	360	360	360	360	360	360	360	360	360	360	360	
initialRedundantCoverageValue-	2340	2100	1860	2100	2520	2160	2940	2460	1500	3000	2040	2100	2820	2760	2460	2700	2400	2520	1980	2520	2340	2520	2280	2580	2460	2460	2400	2100	2580	2700	2220	1440	2220	2820	1800	2160	1920	3300	3180	2940	2880	2340	1980	2040	2160	2880	2580	1920	2760	2400	2700	2220	2100	1980	3300	2340	2100	2340	2100	3060	2400	2520	2760	3480	2880	2880	3300	2760	2400	2760	1740	2520	2940	2100	2400	2160	3420	1680	1800	2880	2940	2040	2160	1740	2940	2700	2220	2040	2520	1860	2220	2400	2280	2280	2040	2460	2880	2520	2460	2220	
additionalPoiTime-------------	1638010.5
algorithmTime-----------------	1.02725610999308E11
serverTime--------------------	1.06704684E7
Total Transferred Metadata----	7721

Photo List Size: 4529
Gained Coverage %-------------	0.99975
Gained Redundancy %-----------	0.9003586445708632
Total Cluster Created---------	0
Total Transferred Photo-------	133057
Total Photo at Destination----	4562
Coverage Group----------------	1-30	31-60	61-90	91-120	121-150	151-180	181-210	211-240	241-270	271-300	301-330	331-360	
Coverage Distribution---------	0	0	0	0	0	0	0	0	0	0	0	100	
Ratio Group-------------------	.0	.1	.2	.3	.4	.5	.6	.7	.8	.9	1.0	
Coverage Ratio----------------	0	0	0	0	0	0	0	0	0	0	100	
Redundant Ratio---------------	0	0	0	0	0	0	0	0	4	46	50	
NumberOfPoint Group-----------	0	1	2	3	4	5	6	
NumOfPoint Distribution-------	0	1	6	18	17	7	1	
SD Group----------------------	0-1	1-2	2-3	3-4	4-5	5-6	6-7	7-8	8-9	9-10	10-11	
SD Distribution---------------	50	1	0	0	1	5	6	11	10	11	5	
Half Coverage Group-----------	0-33750	33750-67500	67500-101250	101250-135000	135000-168750	168750-202500	202500-236250	236250-270000	270000-303750	303750-337500	337500-371250	
Half Cvg Time Distribution----	90	10	0	0	0	0	0	0	0	0	0	
Transferred Photo Group-------	0-33750	33750-67500	67500-101250	101250-135000	135000-168750	168750-202500	202500-236250	236250-270000	270000-303750	303750-337500	337500-371250	
Photo Time Distribution-------	114037	111526	49727	5523	88840	8337	15436	11138	982	6542	0	

Cvg&Red Distribution----------	0.0	2.0	33750.0	67500.0	135000.0	270000.0	168750.0	337500.0	101250.0	202500.0	303750.0	236250.0	
Average PhotoNum--------------	50.30107526881721	50.30107526881721	93.33333333333333	99.31182795698925	99.60215053763442	100.0	100.0	100.0	99.60215053763442	100.0	100.0	100.0	
Nodes Above Average-----------	48	48	79	90	91	0	0	0	91	0	0	0	
Nodes Below Average-----------	45	45	14	3	2	93	93	93	2	93	93	93	

Average Coverage--------------	2887.2795698924733	2887.2795698924733	5114.5161290322585	5394.397849462365	5446.387096774193	5443.591397849463	5456.881720430108	5433.817204301075	5439.397849462365	5446.247311827957	5443.064516129032	5450.376344086021	
Nodes Above Average-----------	48	48	78	49	55	47	42	50	55	46	46	46	
Nodes Below Average-----------	45	45	15	44	38	46	51	43	38	47	47	47	
Photos Above Average----------	61	61	99	100	100	100	100	100	100	100	100	100	
Photos Below Average----------	38	38	58	98	99	100	100	100	99	100	100	100	
Network Coverage--------------	35991	35991	35991	35991	35991	35991	35991	35991	35991	35991	35991	35991	

Average Redundancy------------	130.78494623655914	130.78494623655914	485.48387096774195	564.3118279569892	529.741935483871	556.4086021505376	543.1182795698925	566.1827956989247	536.7311827956989	553.752688172043	556.9354838709677	549.6236559139785	
Nodes Above Average-----------	43	43	51	52	42	46	51	43	39	47	47	47	
Nodes Below Average-----------	50	50	42	41	51	47	42	50	54	46	46	46	
Photos Above Average----------	58	58	99	100	100	100	100	100	100	100	100	100	
Photos Below Average----------	43	43	85	98	99	100	100	100	99	100	100	100	
Network Redundancy------------	244689	244689	484809	518169	519789	522009	522009	522009	519789	522009	522009	522009	

