Message stats for scenario S_5-Photo_5000-Scenario_7-ActualPOI_50
sim_time: 337500.0000

Photo List Size: 4678
coverageValue-----------------	360	360	360	360	360	360	360	360	360	360	360	360	360	360	360	360	360	360	360	360	360	360	360	360	360	360	360	360	360	360	360	360	353	360	360	360	360	359	360	360	360	360	360	360	360	360	360	360	360	360	360	360	360	360	360	360	360	360	360	358	360	360	360	360	360	360	360	360	360	360	360	360	360	360	360	360	360	360	360	360	360	360	360	360	360	360	360	360	360	360	360	360	360	360	360	360	360	360	360	360	
redundantCoverageValue--------	2700	2700	2820	1740	1920	2760	2160	2160	2700	1800	2820	2100	1920	2220	1920	2100	2220	2040	2040	2580	2340	2220	2160	2040	1800	2100	2760	2040	2100	2340	1980	1380	1807	2400	2160	2460	2340	1501	2580	2160	3060	2460	1980	2460	2040	2280	2520	2160	2400	2220	1860	2760	2220	1560	2400	2280	2160	2280	2460	2102	1920	2040	2580	2160	2520	2400	1800	1980	2520	2400	1860	2220	2280	2100	2640	2580	2580	2580	3180	1560	2220	1860	2460	2220	2640	3120	1800	2220	2820	1740	2100	2220	2640	2280	2220	2280	2820	1860	2040	1920	
halfCoverageTime--------------	3863.0	3873.0	5545.0	3708.0	5416.0	4026.0	8822.0	804.0	4975.0	3846.0	1848.0	2356.0	3964.0	4689.0	5820.0	7326.0	5190.0	5140.0	4684.0	4182.0	3818.0	5242.0	5566.0	5306.0	4010.0	2602.0	5884.0	5398.0	1642.0	5604.0	3988.0	5346.0	1424.0	5632.0	10754.0	5028.0	4924.0	6810.0	5321.0	4050.0	3912.0	2528.0	1932.0	1882.0	2617.0	5316.0	5702.0	5313.0	5838.0	5518.0	4021.0	1986.0	2564.0	2200.0	2300.0	2125.0	3218.0	5521.0	1987.0	5553.0	3684.0	5134.0	2096.0	2108.0	5516.0	3248.0	5336.0	4654.0	3923.0	3900.0	1946.0	3772.0	2590.0	1956.0	4970.0	2212.0	1974.0	4090.0	3314.0	2002.0	2265.0	2110.0	798.0	2361.0	2245.0	1926.0	1952.0	2090.0	1770.0	3878.0	5426.0	5691.0	1980.0	1976.0	3846.0	4624.0	4986.0	3336.0	2546.0	4980.0	
numberOfPoint-----------------	1	1	1	1	1	1	1	1	1	1	1	1	1	1	1	1	1	1	1	1	1	1	1	1	1	1	1	1	1	1	1	1	1	1	1	1	1	1	1	1	1	1	1	1	1	1	1	1	1	1	5	4	2	3	4	6	2	4	4	4	5	5	5	3	3	5	3	3	4	2	4	3	3	3	3	3	4	3	4	2	4	3	3	4	4	4	3	4	5	2	4	3	4	3	5	4	3	4	3	3	
standardDeviation-------------	.0	.0	.0	.0	.0	.0	.0	.0	.0	.0	.0	.0	.0	.0	.0	.0	.0	.0	.0	.0	.0	.0	.0	.0	.0	.0	.0	.0	.0	.0	.0	.0	.0	.0	.0	.0	.0	.0	.0	.0	.0	.0	.0	.0	.0	.0	.0	.0	.0	.0	9.83	7.71	4.95	7.76	8.28	11.73	4.47	9.24	10.25	7.74	8.62	9.37	10.29	8.1	7.78	9.93	10.45	7.07	8.65	5.87	8.91	6.9	6.19	6.39	5.98	6.42	9.47	7.98	9.01	6.41	9.8	6.23	6.64	7.94	9.5	9.74	6.13	8.02	8.73	4.55	8.94	8.66	8.32	8.74	10.17	7.81	8.41	7.98	6.84	9.38	
initialCoverageValue----------	360	360	360	360	360	360	360	360	360	360	360	360	360	360	360	360	360	360	360	360	360	360	360	360	360	360	360	360	360	360	360	360	353	360	360	360	360	360	360	360	360	360	360	360	360	360	360	360	360	360	360	360	360	360	360	360	360	360	360	358	360	360	360	360	360	360	360	360	360	360	360	360	360	360	360	360	360	360	360	360	360	360	360	360	360	360	360	360	360	360	360	360	360	360	360	360	360	360	360	360	
initialRedundantCoverageValue-	2760	2940	3180	1860	1980	2940	2280	2340	2940	1980	2940	2160	2040	2340	1980	2220	2400	2160	2160	2580	2460	2580	2220	2160	2100	2280	2880	2460	2340	2640	2400	1740	1867	2460	2280	2520	2640	1980	2760	2280	3240	2640	2040	2520	2280	2520	2640	2280	2880	2220	2220	2940	2340	1620	2760	2340	2280	2400	2640	2282	2160	2400	2760	2460	2640	2640	1800	2280	2760	2400	1980	2340	2520	2280	2880	2940	2760	2760	3300	1740	2340	1980	2700	2400	2700	3300	1980	2280	3120	1920	2100	2520	2880	2460	2400	2460	3000	1860	2160	2100	
additionalPoiTime-------------	7.97009109E7
algorithmTime-----------------	1.242703966E8
serverTime--------------------	1.46016936E7
Total Transferred Metadata----	13816

Photo List Size: 4678
Gained Coverage %-------------	0.9999722152760412
Gained Redundancy %-----------	0.9273424531138654
Total Cluster Created---------	50
Total Transferred Photo-------	50772
Total Photo at Destination----	4660
Coverage Group----------------	1-30	31-60	61-90	91-120	121-150	151-180	181-210	211-240	241-270	271-300	301-330	331-360	
Coverage Distribution---------	0	0	0	0	0	0	0	0	0	0	0	100	
Ratio Group-------------------	.0	.1	.2	.3	.4	.5	.6	.7	.8	.9	1.0	
Coverage Ratio----------------	0	0	0	0	0	0	0	0	0	0	100	
Redundant Ratio---------------	0	0	0	0	0	0	0	0	2	19	79	
NumberOfPoint Group-----------	0	1	2	3	4	5	6	
NumOfPoint Distribution-------	0	0	5	19	18	7	1	
SD Group----------------------	0-1	1-2	2-3	3-4	4-5	5-6	6-7	7-8	8-9	9-10	10-11	11-12	
SD Distribution---------------	50	0	0	0	3	2	9	9	12	10	4	1	
Half Coverage Group-----------	0-33750	33750-67500	67500-101250	101250-135000	135000-168750	168750-202500	202500-236250	236250-270000	270000-303750	303750-337500	337500-371250	
Half Cvg Time Distribution----	100	0	0	0	0	0	0	0	0	0	0	
Transferred Photo Group-------	0-33750	33750-67500	67500-101250	101250-135000	135000-168750	168750-202500	202500-236250	236250-270000	270000-303750	303750-337500	337500-371250	
Photo Time Distribution-------	92543	46918	10810	194	5495	193	273	24	0	0	0	

Cvg&Red Distribution----------	0.0	2.0	33750.0	67500.0	135000.0	270000.0	168750.0	337500.0	101250.0	202500.0	303750.0	236250.0	
Average PhotoNum--------------	50.30107526881721	50.30107526881721	66.11827956989248	83.87096774193549	78.31182795698925	71.91397849462365	74.93548387096774	71.49462365591398	79.27956989247312	73.55913978494624	71.88172043010752	72.49462365591398	
Nodes Above Average-----------	48	48	42	64	58	57	58	57	56	57	57	56	
Nodes Below Average-----------	45	45	51	29	35	36	35	36	37	36	36	37	

Average Coverage--------------	2881.8924731182797	2881.8924731182797	3726.7419354838707	4691.8387096774195	4393.1505376344085	4051.3763440860216	4213.462365591397	4028.7096774193546	4444.279569892473	4140.612903225807	4049.440860215054	4082.9032258064517	
Nodes Above Average-----------	48	48	42	64	58	56	59	56	58	58	56	56	
Nodes Below Average-----------	45	45	51	29	35	37	34	37	35	35	37	37	
Photos Above Average----------	61	61	94	96	94	87	89	87	95	88	87	88	
Photos Below Average----------	38	38	42	55	51	47	49	47	52	48	47	48	
Network Coverage--------------	35990	35990	35990	35990	35981	35981	35981	35981	35990	35981	35981	35981	

Average Redundancy------------	136.1720430107527	136.1720430107527	240.3548387096774	340.4193548387097	305.55913978494624	263.4623655913978	282.6666666666667	260.96774193548384	312.494623655914	272.93548387096774	263.4623655913978	266.7741935483871	
Nodes Above Average-----------	41	41	38	51	47	48	44	49	47	48	48	47	
Nodes Below Average-----------	52	52	55	42	46	45	49	44	46	45	45	46	
Photos Above Average----------	58	58	93	96	95	87	90	87	95	88	87	88	
Photos Below Average----------	44	44	46	68	61	54	60	53	62	57	54	56	
Network Redundancy------------	244690	244690	332950	432010	400999	365299	382159	362959	406390	374479	365119	368539	

