Message stats for scenario S_5-Photo_5000-Scenario_5-ActualPOI_50
sim_time: 337500.0000

Photo List Size: 4678
coverageValue-----------------	360	360	360	360	360	360	360	360	360	360	360	360	360	360	348	360	360	360	360	360	360	360	360	360	360	360	360	360	360	360	360	360	360	360	360	360	360	360	360	360	360	360	360	360	360	360	360	360	360	360	360	360	360	360	360	360	360	360	360	360	360	360	360	360	360	360	360	360	360	360	360	360	360	360	349	360	360	360	360	360	359	360	360	360	360	360	360	360	351	360	360	360	360	360	360	360	360	360	360	360	
redundantCoverageValue--------	240	360	240	360	240	360	360	360	480	240	480	300	360	300	492	420	540	360	420	360	240	360	360	240	300	480	360	360	480	420	240	360	240	360	300	480	300	420	300	480	240	540	540	180	300	180	360	420	480	240	960	720	780	780	960	900	840	1500	840	900	540	900	900	1260	960	1080	420	960	720	1380	660	840	960	960	731	1080	1260	900	840	1140	1141	1020	900	1080	900	1020	600	540	789	420	1200	780	1140	1020	960	1020	1440	1020	960	660	
halfCoverageTime--------------	5146.0	3132.0	5374.0	6950.0	5452.0	5044.0	5874.0	3806.0	6782.0	2245.0	4548.0	5740.0	3777.0	5890.0	5498.0	4636.0	3958.0	5929.0	2300.0	5441.0	6945.0	8632.0	2622.0	5380.0	4188.0	6607.0	3858.0	4700.0	6566.0	2240.0	4211.0	3976.0	8519.0	3946.0	6835.0	5004.0	7696.0	6602.0	5262.0	4986.0	5558.0	4236.0	1860.0	1460.0	2576.0	5254.0	5521.0	7364.0	5110.0	6360.0	1630.0	1996.0	3868.0	6344.0	4050.0	5844.0	4536.0	1914.0	5049.0	5368.0	1998.0	1588.0	3168.0	2250.0	1946.0	2170.0	1728.0	3856.0	1987.0	4221.0	3150.0	1926.0	4274.0	2212.0	5462.0	3818.0	2158.0	3674.0	2072.0	2115.0	2164.0	2306.0	3873.0	2008.0	5553.0	5521.0	2558.0	5421.0	3684.0	1950.0	1790.0	2146.0	4571.0	2528.0	4998.0	2013.0	5242.0	4200.0	1636.0	2206.0	
numberOfPoint-----------------	1	1	1	1	1	1	1	1	1	1	1	1	1	1	1	1	1	1	1	1	1	1	1	1	1	1	1	1	1	1	1	1	1	1	1	1	1	1	1	1	1	1	1	1	1	1	1	1	1	1	3	2	3	4	5	4	5	5	4	3	3	3	4	6	5	4	3	4	5	5	5	4	3	3	3	4	4	3	4	3	4	3	4	4	3	3	3	3	3	2	4	3	4	5	3	4	5	3	5	3	
standardDeviation-------------	.0	.0	.0	.0	.0	.0	.0	.0	.0	.0	.0	.0	.0	.0	.0	.0	.0	.0	.0	.0	.0	.0	.0	.0	.0	.0	.0	.0	.0	.0	.0	.0	.0	.0	.0	.0	.0	.0	.0	.0	.0	.0	.0	.0	.0	.0	.0	.0	.0	.0	6.38	5.29	7.02	8.36	9.64	7.44	9.77	9.29	9.13	8.07	7.98	7.64	8.75	10.04	9.49	9.53	9.15	8.87	11.11	10.49	10.44	10.87	5.73	9.3	7.06	9.73	8.76	5.77	10.18	7.82	10.33	8.8	8.16	6.76	6.39	7.36	8.37	6.81	9.17	10.14	9.68	6.26	9.2	10.45	7.4	8.99	8.31	6.91	9.94	6.38	
initialCoverageValue----------	360	360	360	360	360	360	360	360	360	360	360	360	360	360	360	360	360	360	360	360	360	360	360	360	360	360	360	360	360	360	360	360	360	360	360	360	360	360	360	360	360	360	360	360	360	360	360	360	360	360	360	360	360	360	360	360	360	360	360	360	360	360	360	360	360	360	360	360	360	360	360	360	360	360	349	360	360	360	360	360	360	360	360	360	360	360	360	360	360	360	360	360	360	360	360	360	360	360	360	360	
initialRedundantCoverageValue-	2700	3060	3240	2580	2100	2400	2700	2700	2040	2760	2940	2220	2700	2460	2460	2880	2640	2340	2700	3000	2700	1680	2820	2340	2280	2340	2520	2220	2280	2400	2400	1980	2340	2580	2220	2700	1860	1740	2160	2040	2100	2160	2940	3180	2520	2700	2280	1800	2160	2520	2640	2340	2520	2760	2460	1800	1920	3120	2100	2340	2760	2760	2040	2520	2220	2640	2520	2040	2220	2580	2040	2340	2040	3000	1331	2220	2340	2880	2040	2760	3000	2640	2340	2760	1980	2280	2220	1740	2520	2220	2700	2580	3060	2040	2700	2820	2580	2700	2040	2280	
additionalPoiTime-------------	0.0
algorithmTime-----------------	1.150975378E8
serverTime--------------------	1.34628863E7
Total Transferred Metadata----	13688

Photo List Size: 4678
Gained Coverage %-------------	0.9993887021034205
Gained Redundancy %-----------	0.26376243978096936
Total Cluster Created---------	50
Total Transferred Photo-------	61023
Total Photo at Destination----	1688
Coverage Group----------------	1-30	31-60	61-90	91-120	121-150	151-180	181-210	211-240	241-270	271-300	301-330	331-360	
Coverage Distribution---------	0	0	0	0	0	0	0	0	0	0	0	100	
Ratio Group-------------------	.0	.1	.2	.3	.4	.5	.6	.7	.8	.9	1.0	
Coverage Ratio----------------	0	0	0	0	0	0	0	0	0	0	100	
Redundant Ratio---------------	0	8	35	13	23	17	4	0	0	0	0	
NumberOfPoint Group-----------	0	1	2	3	4	5	6	
NumOfPoint Distribution-------	0	0	2	21	16	10	1	
SD Group----------------------	0-1	1-2	2-3	3-4	4-5	5-6	6-7	7-8	8-9	9-10	10-11	11-12	
SD Distribution---------------	50	0	0	0	0	3	7	8	10	13	8	1	
Half Coverage Group-----------	0-33750	33750-67500	67500-101250	101250-135000	135000-168750	168750-202500	202500-236250	236250-270000	270000-303750	303750-337500	337500-371250	
Half Cvg Time Distribution----	100	0	0	0	0	0	0	0	0	0	0	
Transferred Photo Group-------	0-33750	33750-67500	67500-101250	101250-135000	135000-168750	168750-202500	202500-236250	236250-270000	270000-303750	303750-337500	337500-371250	
Photo Time Distribution-------	61870	67921	24947	657	47703	4609	6754	3433	0	982	0	

Cvg&Red Distribution----------	0.0	2.0	33750.0	67500.0	135000.0	270000.0	168750.0	337500.0	101250.0	202500.0	303750.0	236250.0	
Average PhotoNum--------------	50.30107526881721	50.30107526881721	64.16129032258064	89.45161290322581	90.13978494623656	96.02150537634408	94.97849462365592	96.08602150537635	90.40860215053763	95.02150537634408	96.02150537634408	95.51612903225806	
Nodes Above Average-----------	48	48	41	73	74	85	83	86	74	83	85	84	
Nodes Below Average-----------	45	45	52	20	19	8	10	7	19	10	8	9	

Average Coverage--------------	2891.47311827957	2891.47311827957	3636.4086021505377	4973.365591397849	5000.612903225807	5312.645161290323	5259.870967741936	5316.0	5014.225806451613	5261.860215053764	5312.645161290323	5286.193548387097	
Nodes Above Average-----------	46	46	41	73	74	79	80	79	74	80	79	79	
Nodes Below Average-----------	47	47	52	20	19	14	13	14	19	13	14	14	
Photos Above Average----------	61	61	92	99	98	99	99	99	99	99	99	99	
Photos Below Average----------	39	39	42	52	56	74	65	74	56	65	74	71	
Network Coverage--------------	35977	35977	35923	35903	35903	35903	35903	35903	35903	35903	35903	35903	

Average Redundancy------------	126.59139784946237	126.59139784946237	213.2688172043011	393.73118279569894	407.7741935483871	448.64516129032256	438.83870967741933	449.16129032258067	410.2903225806452	439.4301075268817	448.64516129032256	444.7741935483871	
Nodes Above Average-----------	39	39	38	49	46	42	41	42	47	40	42	42	
Nodes Below Average-----------	54	54	55	44	47	51	52	51	46	53	51	51	
Photos Above Average----------	59	59	91	99	99	99	99	99	99	99	99	99	
Photos Below Average----------	43	43	45	78	81	93	91	93	80	91	93	92	
Network Redundancy------------	244703	244703	322097	463237	467077	499897	494077	500257	468577	494317	499897	497077	

