Message stats for scenario S_5-Photo_5000-Scenario_6-ActualPOI_50
sim_time: 337500.0000

Photo List Size: 4579
coverageValue-----------------	360	360	360	360	360	360	360	360	360	360	360	360	360	360	360	360	360	360	360	360	360	360	360	360	360	360	360	360	360	360	360	360	360	360	360	360	360	360	360	360	360	360	360	360	360	360	360	360	360	360	360	360	360	360	360	360	360	360	360	360	360	360	360	360	360	360	360	360	360	360	360	360	360	360	360	360	360	360	360	360	360	360	360	360	360	360	360	360	360	360	360	360	360	360	360	360	360	360	360	360	
redundantCoverageValue--------	2580	1860	1680	2100	2220	2220	2520	2100	2880	2520	2700	1980	2640	1680	1800	2280	2100	2100	2040	2520	1800	2220	2340	2700	2580	2100	1920	1440	2160	2220	2100	2640	2640	3060	1980	2340	2520	2040	1500	2280	2100	2280	2340	2100	1920	2760	2400	1860	1860	1920	2460	2400	2160	2280	2400	2580	2040	1980	2580	2100	1860	2220	2100	2460	2580	2520	1680	1980	2100	1320	1800	2280	1800	1740	1800	2160	2160	2340	2460	2700	2040	1740	2280	2280	3240	1680	2280	2580	2220	2220	1800	2100	1980	1980	2100	2100	2820	3000	1980	2760	
halfCoverageTime--------------	5404.0	3035.0	4900.0	4928.0	1826.0	1882.0	1770.0	2330.0	4030.0	3772.0	1838.0	10596.0	2528.0	8697.0	3186.0	4262.0	5311.0	2634.0	6032.0	4221.0	5032.0	3168.0	5682.0	2260.0	3734.0	5250.0	1822.0	5380.0	4090.0	6920.0	6702.0	2950.0	2622.0	2240.0	1984.0	5368.0	8718.0	5410.0	5199.0	1948.0	2194.0	2576.0	5542.0	4007.0	1954.0	5499.0	1926.0	2617.0	5090.0	1790.0	2176.0	2125.0	2250.0	3928.0	2282.0	4200.0	2182.0	4251.0	3020.0	2996.0	4894.0	2002.0	17032.0	5049.0	1962.0	2324.0	1804.0	6740.0	1570.0	10894.0	3958.0	3014.0	5516.0	6209.0	1960.0	5044.0	3906.0	5476.0	2164.0	5285.0	9512.0	5709.0	1889.0	8418.0	3918.0	5832.0	10094.0	4036.0	5416.0	5558.0	4211.0	4933.0	2288.0	2212.0	2120.0	5516.0	7850.0	3777.0	1846.0	4938.0	
numberOfPoint-----------------	1	1	1	1	1	1	1	1	1	1	1	1	1	1	1	1	1	1	1	1	1	1	1	1	1	1	1	1	1	1	1	1	1	1	1	1	1	1	1	1	1	1	1	1	1	1	1	1	1	1	5	3	4	2	3	5	4	5	4	5	3	5	3	4	4	4	4	4	3	3	2	4	3	4	4	4	3	4	3	5	4	4	3	2	5	3	5	5	5	3	3	4	3	5	4	4	4	3	4	4	
standardDeviation-------------	.0	.0	.0	.0	.0	.0	.0	.0	.0	.0	.0	.0	.0	.0	.0	.0	.0	.0	.0	.0	.0	.0	.0	.0	.0	.0	.0	.0	.0	.0	.0	.0	.0	.0	.0	.0	.0	.0	.0	.0	.0	.0	.0	.0	.0	.0	.0	.0	.0	.0	8.85	8.19	10.24	5.57	8.02	9.93	8.21	9.28	8.45	10.51	7.24	9.66	6.8	7.95	8.02	8.81	7.19	8.18	6.15	6.22	4.5	10.04	6.77	8.69	8.38	7.38	8.26	9.0	9.19	10.28	7.41	10.36	7.9	5.49	10.87	7.42	9.5	9.31	9.69	7.95	7.45	7.83	7.13	10.13	9.38	10.38	11.93	7.14	10.79	8.02	
initialCoverageValue----------	360	360	360	360	360	360	360	360	360	360	360	360	360	360	360	360	360	360	360	360	360	360	360	360	360	360	360	360	360	360	360	360	360	360	360	360	360	360	360	360	360	360	360	360	360	360	360	360	360	360	360	360	360	360	360	360	360	360	360	360	360	360	360	360	360	360	360	360	360	360	360	360	360	360	360	360	360	360	360	360	360	360	360	360	360	360	360	360	360	360	360	360	360	360	360	360	360	360	360	360	
initialRedundantCoverageValue-	2640	1920	1740	2340	2400	2400	2820	2220	3120	2820	3000	2220	2760	1920	2040	2520	2400	2280	2100	2640	1980	2460	2460	3060	2640	2280	2100	1440	2340	2340	2280	3180	2760	3360	2280	2640	2640	2280	1800	2520	2520	2640	2520	2160	2040	2940	2460	2220	2340	2280	2700	2640	2340	2460	2460	2880	2100	2340	2820	2400	2040	2460	2220	2700	2880	2640	1800	2100	2460	1560	2040	2520	2280	1980	1860	2400	2340	2640	2640	2820	2280	1920	2580	2460	3420	1860	2460	2700	2220	2400	2040	2400	2220	2280	2280	2340	3060	3180	2160	3300	
additionalPoiTime-------------	343202.2
algorithmTime-----------------	6.09938481837E10
serverTime--------------------	1.70821095E7
Total Transferred Metadata----	11008

Photo List Size: 4579
Gained Coverage %-------------	1.0
Gained Redundancy %-----------	0.9113641990591731
Total Cluster Created---------	0
Total Transferred Photo-------	71600
Total Photo at Destination----	4671
Coverage Group----------------	1-30	31-60	61-90	91-120	121-150	151-180	181-210	211-240	241-270	271-300	301-330	331-360	
Coverage Distribution---------	0	0	0	0	0	0	0	0	0	0	0	100	
Ratio Group-------------------	.0	.1	.2	.3	.4	.5	.6	.7	.8	.9	1.0	
Coverage Ratio----------------	0	0	0	0	0	0	0	0	0	0	100	
Redundant Ratio---------------	0	0	0	0	0	0	0	0	2	36	62	
NumberOfPoint Group-----------	0	1	2	3	4	5	
NumOfPoint Distribution-------	0	0	3	15	21	11	
SD Group----------------------	0-1	1-2	2-3	3-4	4-5	5-6	6-7	7-8	8-9	9-10	10-11	11-12	
SD Distribution---------------	50	0	0	0	1	2	4	12	13	8	9	1	
Half Coverage Group-----------	0-33750	33750-67500	67500-101250	101250-135000	135000-168750	168750-202500	202500-236250	236250-270000	270000-303750	303750-337500	337500-371250	
Half Cvg Time Distribution----	100	0	0	0	0	0	0	0	0	0	0	
Transferred Photo Group-------	0-33750	33750-67500	67500-101250	101250-135000	135000-168750	168750-202500	202500-236250	236250-270000	270000-303750	303750-337500	337500-371250	
Photo Time Distribution-------	64490	56178	15053	1354	24677	2197	4271	2433	97	1754	0	

Cvg&Red Distribution----------	0.0	2.0	33750.0	67500.0	135000.0	270000.0	168750.0	337500.0	101250.0	202500.0	303750.0	236250.0	
Average PhotoNum--------------	50.30107526881721	50.30107526881721	71.81720430107526	93.3763440860215	96.05376344086021	97.64516129032258	97.61290322580645	97.64516129032258	96.04301075268818	97.64516129032258	97.64516129032258	97.64516129032258	
Nodes Above Average-----------	48	48	42	82	86	89	88	89	86	89	89	89	
Nodes Below Average-----------	45	45	51	11	7	4	5	4	7	4	4	4	

Average Coverage--------------	2883.021505376344	2883.021505376344	4027.440860215054	5186.774193548387	5342.118279569892	5442.462365591397	5441.537634408603	5442.215053763441	5335.247311827957	5441.1720430107525	5442.462365591397	5440.978494623656	
Nodes Above Average-----------	47	47	42	81	83	75	75	75	82	75	75	75	
Nodes Below Average-----------	46	46	51	12	10	18	18	18	11	18	18	18	
Photos Above Average----------	61	61	99	99	100	100	99	100	99	100	100	100	
Photos Below Average----------	39	39	49	48	63	87	87	87	66	87	87	87	
Network Coverage--------------	36000	36000	35995	35902	35850	35681	35711	35681	35850	35711	35681	35692	

Average Redundancy------------	135.04301075268816	135.04301075268816	281.59139784946234	415.80645161290323	421.10752688172045	416.247311827957	415.23655913978496	416.494623655914	427.3333333333333	417.5376344086022	416.247311827957	417.73118279569894	
Nodes Above Average-----------	44	44	39	50	51	48	47	48	51	48	48	48	
Nodes Below Average-----------	49	49	54	43	42	45	46	45	42	45	45	45	
Photos Above Average----------	57	57	96	99	100	99	99	99	99	99	99	99	
Photos Below Average----------	44	44	53	85	91	95	95	95	91	95	95	95	
Network Redundancy------------	244680	244680	364745	485138	500130	509179	508969	509179	500070	509149	509179	509168	

