Message stats for scenario S_5-Photo_5000-Scenario_4-ActualPOI_50
sim_time: 337500.0000

Photo List Size: 4678
coverageValue-----------------	360	360	360	360	360	360	359	360	360	360	360	360	360	357	336	360	360	360	360	360	360	360	360	360	360	360	360	360	360	360	360	360	360	360	360	360	360	360	360	360	360	360	360	360	360	360	360	360	360	360	360	338	360	360	360	360	360	360	360	360	360	360	360	360	360	360	354	360	360	360	360	360	360	360	360	360	357	360	360	360	360	360	360	360	360	360	360	360	360	360	360	360	357	360	360	360	360	360	360	360	
redundantCoverageValue--------	360	480	180	180	240	300	361	540	240	300	240	300	360	543	444	360	720	540	180	300	240	420	420	360	360	480	360	300	540	300	120	420	420	180	480	360	300	120	360	480	120	420	360	420	480	360	420	300	420	300	1260	1102	1200	1080	840	1080	840	1140	600	960	1080	600	780	900	1200	960	786	720	1020	900	960	960	1140	960	1200	840	903	660	1020	720	780	1020	900	1020	1320	1020	840	900	720	1200	1200	840	723	720	1140	960	1200	1140	780	780	
halfCoverageTime--------------	5268.0	5594.0	4965.0	5358.0	6782.0	6686.0	5426.0	5380.0	5900.0	7458.0	3812.0	4221.0	6825.0	5044.0	6566.0	4562.0	7380.0	4200.0	4038.0	5386.0	4970.0	11102.0	3840.0	1824.0	5162.0	5553.0	4050.0	2066.0	5862.0	714.0	4016.0	2564.0	2218.0	6909.0	6429.0	4945.0	3824.0	10786.0	5518.0	5199.0	5632.0	5626.0	2622.0	5321.0	1938.0	5140.0	5682.0	5358.0	4188.0	5524.0	1882.0	3132.0	4538.0	2110.0	2130.0	3242.0	2078.0	4520.0	2595.0	2312.0	3293.0	3126.0	3325.0	4074.0	2200.0	2060.0	4919.0	2245.0	3738.0	4960.0	3684.0	2120.0	1850.0	2324.0	2306.0	1770.0	3998.0	2250.0	2224.0	4095.0	3168.0	2584.0	2224.0	2128.0	2240.0	1740.0	2036.0	6868.0	6362.0	2018.0	1830.0	5363.0	3940.0	2536.0	3174.0	2090.0	3254.0	2366.0	2182.0	3156.0	
numberOfPoint-----------------	1	1	1	1	1	1	1	1	1	1	1	1	1	1	1	1	1	1	1	1	1	1	1	1	1	1	1	1	1	1	1	1	1	1	1	1	1	1	1	1	1	1	1	1	1	1	1	1	1	1	3	3	5	4	3	4	3	6	4	3	4	2	3	2	5	3	3	2	3	4	4	4	4	3	5	4	6	3	2	3	4	4	4	3	3	3	4	3	3	5	5	3	2	3	5	3	5	5	3	3	
standardDeviation-------------	.0	.0	.0	.0	.0	.0	.0	.0	.0	.0	.0	.0	.0	.0	.0	.0	.0	.0	.0	.0	.0	.0	.0	.0	.0	.0	.0	.0	.0	.0	.0	.0	.0	.0	.0	.0	.0	.0	.0	.0	.0	.0	.0	.0	.0	.0	.0	.0	.0	.0	6.42	6.96	9.27	7.81	8.68	9.33	7.62	10.44	9.44	6.64	8.41	5.95	8.77	6.37	9.49	6.67	7.37	4.31	7.9	8.73	7.55	9.46	7.4	8.03	10.09	7.58	8.38	7.3	7.2	7.6	9.04	10.2	9.21	7.69	8.94	6.79	7.77	7.41	6.38	10.51	9.2	6.42	5.09	6.76	9.15	8.78	8.44	10.03	7.62	6.58	
initialCoverageValue----------	360	360	360	360	360	360	359	360	360	360	360	360	360	357	360	360	360	360	360	360	360	360	360	360	360	360	360	360	360	360	360	360	360	360	360	360	360	360	360	360	360	360	360	360	360	360	360	360	360	360	360	360	360	360	360	360	360	360	360	360	360	360	360	360	360	360	360	360	360	360	360	360	360	360	360	360	360	360	360	360	360	360	360	360	360	360	360	360	360	360	360	360	360	360	360	360	360	360	360	360	
initialRedundantCoverageValue-	2520	2520	2100	2340	1980	2340	2461	1860	2580	2340	2520	2640	2400	2103	2100	2220	2940	2460	3180	2460	2580	1920	2460	2940	2820	2280	2580	2340	2760	2160	1740	2820	3000	2340	1860	2640	2760	1740	2760	1680	2340	2400	2640	2220	2040	2460	2880	3060	1860	2820	2160	2760	2340	2100	2160	2700	2460	2220	1980	3240	2580	1860	3360	2040	2880	2580	2100	2580	2520	2520	2760	2160	2340	2640	2280	2640	2940	2700	2280	2700	2400	2280	2760	1920	2100	2340	2160	1920	2580	2760	2460	2520	1740	2220	2400	2940	2220	2160	2220	2580	
additionalPoiTime-------------	7.79068994E7
algorithmTime-----------------	1.219771819E8
serverTime--------------------	1.39620895E7
Total Transferred Metadata----	13715

Photo List Size: 4678
Gained Coverage %-------------	0.9983887098566507
Gained Redundancy %-----------	0.2700062751833014
Total Cluster Created---------	50
Total Transferred Photo-------	62388
Total Photo at Destination----	1718
Coverage Group----------------	1-30	31-60	61-90	91-120	121-150	151-180	181-210	211-240	241-270	271-300	301-330	331-360	
Coverage Distribution---------	0	0	0	0	0	0	0	0	0	0	0	100	
Ratio Group-------------------	.0	.1	.2	.3	.4	.5	.6	.7	.8	.9	1.0	
Coverage Ratio----------------	0	0	0	0	0	0	0	0	0	0	100	
Redundant Ratio---------------	0	11	28	17	21	14	8	1	0	0	0	
NumberOfPoint Group-----------	0	1	2	3	4	5	6	
NumOfPoint Distribution-------	0	0	5	22	13	8	2	
SD Group----------------------	0-1	1-2	2-3	3-4	4-5	5-6	6-7	7-8	8-9	9-10	10-11	
SD Distribution---------------	50	0	0	0	1	2	10	14	9	9	5	
Half Coverage Group-----------	0-33750	33750-67500	67500-101250	101250-135000	135000-168750	168750-202500	202500-236250	236250-270000	270000-303750	303750-337500	337500-371250	
Half Cvg Time Distribution----	100	0	0	0	0	0	0	0	0	0	0	
Transferred Photo Group-------	0-33750	33750-67500	67500-101250	101250-135000	135000-168750	168750-202500	202500-236250	236250-270000	270000-303750	303750-337500	337500-371250	
Photo Time Distribution-------	87036	74631	28388	728	47938	4166	6780	3586	0	1025	0	

Cvg&Red Distribution----------	0.0	2.0	33750.0	67500.0	135000.0	270000.0	168750.0	337500.0	101250.0	202500.0	303750.0	236250.0	
Average PhotoNum--------------	50.30107526881721	50.30107526881721	63.645161290322584	88.76344086021506	90.75268817204301	96.0752688172043	95.25806451612904	96.10752688172043	90.81720430107526	95.29032258064517	96.05376344086021	95.63440860215054	
Nodes Above Average-----------	48	48	41	72	76	86	83	86	76	83	86	84	
Nodes Below Average-----------	45	45	52	21	17	7	10	7	17	10	7	9	

Average Coverage--------------	2893.8817204301076	2893.8817204301076	3592.1612903225805	4900.913978494624	4999.1612903225805	5261.10752688172	5223.139784946236	5260.752688172043	5001.935483870968	5224.247311827957	5259.817204301075	5239.354838709677	
Nodes Above Average-----------	48	48	41	73	77	83	81	83	77	81	83	82	
Nodes Below Average-----------	45	45	52	20	16	10	12	10	16	12	10	11	
Photos Above Average----------	61	61	91	99	98	99	99	99	99	99	99	99	
Photos Below Average----------	38	38	41	49	51	64	64	64	51	64	64	64	
Network Coverage--------------	35958	35958	35945	35922	35912	35867	35867	35867	35912	35867	35867	35867	

Average Redundancy------------	124.18279569892474	124.18279569892474	226.5483870967742	424.89247311827955	446.0	503.40860215053766	492.3440860215054	505.6989247311828	447.0967741935484	493.1720430107527	503.40860215053766	498.7096774193548	
Nodes Above Average-----------	44	44	39	52	54	48	47	49	54	48	48	50	
Nodes Below Average-----------	49	49	54	41	39	45	46	44	39	45	45	43	
Photos Above Average----------	57	57	91	99	99	99	99	99	99	99	99	99	
Photos Below Average----------	44	44	43	75	78	92	90	91	78	90	91	90	
Network Redundancy------------	244722	244722	319195	459378	470488	500233	495673	500413	470848	495853	500113	497773	

