Message stats for scenario S_7-Photo_5000-Scenario_7-ActualPOI_50
sim_time: 337500.0000

Photo List Size: 4542
coverageValue-----------------	360	360	360	360	360	360	360	360	360	360	360	360	360	360	360	360	360	352	360	360	360	360	360	360	360	360	360	360	360	360	360	360	360	360	360	360	360	360	360	360	360	360	360	360	360	360	360	360	360	360	360	360	360	360	360	360	360	360	360	360	360	360	360	360	360	360	360	360	360	360	360	360	360	360	360	360	360	360	360	360	360	360	360	360	360	360	360	360	360	360	360	360	360	360	360	360	358	360	360	360	
redundantCoverageValue--------	2160	2520	2580	2520	2520	2460	2220	2340	2400	1620	2220	2220	2640	2400	1620	2580	1680	1928	2640	1740	2520	1860	2460	1740	1680	2340	1860	2040	2280	1500	2580	1980	1860	2280	2340	1320	1920	2460	2640	2580	1920	2100	1800	2220	2340	2100	1860	2040	2280	1440	1920	2040	1740	2640	2520	2580	2340	1560	1800	1980	2580	2340	2100	3000	2400	1980	2160	2520	2160	2460	2520	2640	2220	1920	1980	2160	1980	2040	2460	2340	1800	3000	2520	1800	2100	2400	2700	2520	2940	1680	2280	1380	2400	2640	2280	2040	1802	1680	2340	2460	
halfCoverageTime--------------	1462.0	2874.0	5610.0	2240.0	1987.0	2530.0	2646.0	2206.0	3873.0	2292.0	2595.0	1576.0	2286.0	1636.0	3706.0	4833.0	2489.0	3970.0	1678.0	5462.0	4018.0	4036.0	2986.0	6098.0	2862.0	2288.0	3834.0	1630.0	3840.0	5518.0	3946.0	1860.0	4140.0	5002.0	5616.0	2350.0	2634.0	3747.0	1790.0	2235.0	5311.0	3519.0	5457.0	4134.0	2908.0	4044.0	4057.0	2046.0	2692.0	6782.0	3168.0	2194.0	3952.0	2378.0	2260.0	2938.0	2566.0	2250.0	1802.0	1970.0	2212.0	3214.0	1926.0	1910.0	2235.0	4461.0	2949.0	2076.0	2080.0	3818.0	3073.0	2328.0	2322.0	3541.0	2230.0	2044.0	3829.0	2255.0	2115.0	2944.0	1992.0	1752.0	3060.0	2964.0	2448.0	2680.0	3458.0	3262.0	2110.0	3918.0	2668.0	5599.0	1930.0	1924.0	2725.0	4636.0	3020.0	1898.0	2458.0	2206.0	
numberOfPoint-----------------	1	1	1	1	1	1	1	1	1	1	1	1	1	1	1	1	1	1	1	1	1	1	1	1	1	1	1	1	1	1	1	1	1	1	1	1	1	1	1	1	1	1	1	1	1	1	1	1	1	1	4	4	3	2	4	4	3	2	3	3	4	2	1	4	4	3	3	4	3	3	3	5	3	3	3	3	5	3	3	4	5	4	3	4	4	3	4	3	4	3	3	3	4	2	4	3	3	3	4	3	
standardDeviation-------------	.0	.0	.0	.0	.0	.0	.0	.0	.0	.0	.0	.0	.0	.0	.0	.0	.0	.0	.0	.0	.0	.0	.0	.0	.0	.0	.0	.0	.0	.0	.0	.0	.0	.0	.0	.0	.0	.0	.0	.0	.0	.0	.0	.0	.0	.0	.0	.0	.0	.0	7.37	10.99	7.08	4.21	8.1	8.13	7.72	4.98	6.12	8.28	9.68	6.57	.89	10.38	10.39	7.41	6.4	8.72	9.07	6.92	8.26	10.1	6.65	9.1	8.87	8.27	8.63	8.18	8.81	9.82	9.14	8.75	6.61	9.03	8.25	7.48	8.08	9.76	8.89	8.42	9.46	6.33	9.07	4.86	10.38	9.25	9.0	5.89	8.41	8.34	
initialCoverageValue----------	360	360	360	360	360	360	360	360	360	360	360	360	360	360	360	360	360	358	360	360	360	360	360	360	360	360	360	360	360	360	360	360	360	360	360	360	360	360	360	360	360	360	360	360	360	360	360	360	360	360	360	360	360	360	360	360	360	360	360	360	360	360	360	360	360	360	360	360	360	360	360	360	360	360	360	360	360	360	360	360	360	360	360	360	360	360	360	360	360	360	360	360	360	360	360	360	358	360	360	360	
initialRedundantCoverageValue-	2640	2760	2940	2640	2700	2700	2460	2580	2760	1860	2400	2400	2940	2640	1980	2880	1920	2342	2760	1980	2700	1920	2580	1860	1920	2400	2100	2400	2460	1680	3000	2160	1980	2640	2700	1740	2400	2700	3120	2820	2040	2460	2160	2520	2460	2160	1980	2460	2340	1440	2100	2160	1920	2700	2700	2820	2640	1980	2040	2220	2940	2640	2220	3240	2700	2400	2340	2640	2460	2580	2760	3240	2400	2160	2460	2400	2100	2160	2700	2700	2160	3180	2580	1980	2220	2520	3000	2880	3000	1920	2640	1800	2820	2880	2460	2280	2042	1860	2580	2820	
additionalPoiTime-------------	6.60508234E7
algorithmTime-----------------	1.186075603E8
serverTime--------------------	3.42890198E7
Total Transferred Metadata----	13495

Photo List Size: 4542
Gained Coverage %-------------	0.999833314812757
Gained Redundancy %-----------	0.8993369549162167
Total Cluster Created---------	50
Total Transferred Photo-------	45629
Total Photo at Destination----	4530
Coverage Group----------------	1-30	31-60	61-90	91-120	121-150	151-180	181-210	211-240	241-270	271-300	301-330	331-360	
Coverage Distribution---------	0	0	0	0	0	0	0	0	0	0	0	100	
Ratio Group-------------------	.0	.1	.2	.3	.4	.5	.6	.7	.8	.9	1.0	
Coverage Ratio----------------	0	0	0	0	0	0	0	0	0	0	100	
Redundant Ratio---------------	0	0	0	0	0	0	0	0	4	44	52	
NumberOfPoint Group-----------	0	1	2	3	4	5	
NumOfPoint Distribution-------	0	1	4	25	17	3	
SD Group----------------------	0-1	1-2	2-3	3-4	4-5	5-6	6-7	7-8	8-9	9-10	10-11	
SD Distribution---------------	51	0	0	0	3	1	7	5	17	11	5	
Half Coverage Group-----------	0-33750	33750-67500	67500-101250	101250-135000	135000-168750	168750-202500	202500-236250	236250-270000	270000-303750	303750-337500	337500-371250	
Half Cvg Time Distribution----	100	0	0	0	0	0	0	0	0	0	0	
Transferred Photo Group-------	0-33750	33750-67500	67500-101250	101250-135000	135000-168750	168750-202500	202500-236250	236250-270000	270000-303750	303750-337500	337500-371250	
Photo Time Distribution-------	119368	32403	6534	115	3112	94	166	26	0	19	0	

Cvg&Red Distribution----------	0.0	2.0	33750.0	67500.0	135000.0	270000.0	168750.0	337500.0	101250.0	202500.0	303750.0	236250.0	
Average PhotoNum--------------	49.91208791208791	49.91208791208791	73.48351648351648	84.46153846153847	70.9010989010989	71.45054945054945	74.2967032967033	71.21978021978022	72.68131868131869	73.28571428571429	71.43956043956044	71.96703296703296	
Nodes Above Average-----------	48	48	55	68	55	52	52	51	56	52	52	52	
Nodes Below Average-----------	43	43	36	23	36	39	39	40	35	39	39	39	

Average Coverage--------------	2868.4615384615386	2868.4615384615386	4124.021978021978	4703.549450549451	3970.6813186813188	3998.197802197802	4148.67032967033	3990.4615384615386	4069.120879120879	4092.4945054945056	3997.5384615384614	4022.901098901099	
Nodes Above Average-----------	46	46	56	68	55	55	55	55	56	54	55	54	
Nodes Below Average-----------	45	45	35	23	36	36	36	36	35	37	36	37	
Photos Above Average----------	60	60	92	97	90	89	91	88	92	91	89	90	
Photos Below Average----------	38	38	43	46	40	44	47	44	41	47	44	45	
Network Coverage--------------	35990	35990	35990	35990	35990	35990	35990	35990	35990	35990	35990	35990	

Average Redundancy------------	126.26373626373626	126.26373626373626	284.989010989011	364.14285714285717	283.38461538461536	288.83516483516485	309.13186813186815	282.72527472527474	291.75824175824175	304.64835164835165	288.83516483516485	295.1208791208791	
Nodes Above Average-----------	43	43	48	50	42	44	47	45	45	47	44	43	
Nodes Below Average-----------	48	48	43	41	49	47	44	46	46	44	47	48	
Photos Above Average----------	58	58	90	96	91	89	91	88	92	90	89	90	
Photos Below Average----------	42	42	54	69	53	54	56	53	53	54	54	55	
Network Redundancy------------	236530	236530	365230	425170	351130	354130	369670	352870	360850	364150	354070	356950	

