Message stats for scenario S_7-Photo_5000-Scenario_5-ActualPOI_50
sim_time: 337500.0000

Photo List Size: 4542
coverageValue-----------------	360	360	360	360	360	360	352	360	360	360	360	360	360	360	360	360	360	358	360	360	360	360	360	360	360	360	360	360	360	360	360	360	360	360	360	360	360	360	360	360	360	360	360	360	360	360	360	360	360	360	360	360	360	360	360	360	360	360	354	360	360	360	360	360	360	360	360	360	360	360	360	360	360	360	360	360	360	360	360	355	360	360	360	360	360	360	360	360	360	360	360	360	360	360	360	359	360	360	360	360	
redundantCoverageValue--------	360	360	360	360	480	240	368	420	300	420	420	420	360	360	360	180	300	242	360	540	360	480	300	180	240	240	360	300	240	300	300	240	540	420	420	300	480	420	300	240	540	420	240	300	360	300	300	600	240	360	1140	1020	1020	1080	960	780	1440	1320	666	600	960	960	1080	840	1020	1140	1020	1260	1080	1020	1380	960	600	1080	840	900	780	1620	1080	545	1320	540	900	900	1500	1020	1080	1080	1440	240	1140	660	900	900	900	901	1260	660	660	780	
halfCoverageTime--------------	3870.0	2338.0	2416.0	2310.0	2235.0	2774.0	4254.0	5122.0	2115.0	3144.0	2330.0	4068.0	2370.0	3272.0	4294.0	2540.0	1646.0	3882.0	2616.0	2304.0	2572.0	3106.0	3777.0	3482.0	2250.0	2688.0	2087.0	5566.0	2382.0	2350.0	3928.0	5677.0	3840.0	1576.0	2808.0	5578.0	2530.0	3530.0	1842.0	3298.0	2377.0	3464.0	3964.0	3589.0	2558.0	2582.0	3124.0	3104.0	3923.0	3238.0	2024.0	2554.0	2380.0	2164.0	4032.0	1966.0	1866.0	804.0	2610.0	2115.0	1916.0	2768.0	3941.0	2612.0	1964.0	2058.0	4194.0	2414.0	2046.0	2786.0	2003.0	1914.0	1540.0	2200.0	3829.0	2672.0	1850.0	2650.0	1702.0	2392.0	2560.0	2328.0	1832.0	3795.0	2230.0	2387.0	1958.0	2076.0	2146.0	2590.0	2125.0	2152.0	732.0	3110.0	2507.0	1930.0	2070.0	3182.0	1830.0	3698.0	
numberOfPoint-----------------	1	1	1	1	1	1	1	1	1	1	1	1	1	1	1	1	1	1	1	1	1	1	1	1	1	1	1	1	1	1	1	1	1	1	1	1	1	1	1	1	1	1	1	1	1	1	1	1	1	1	5	4	4	4	3	2	5	6	3	2	3	4	5	4	3	3	4	5	3	4	5	3	2	4	4	3	3	6	2	2	4	2	3	5	4	3	3	4	3	1	5	2	3	3	3	3	4	4	2	3	
standardDeviation-------------	.0	.0	.0	.0	.0	.0	.0	.0	.0	.0	.0	.0	.0	.0	.0	.0	.0	.0	.0	.0	.0	.0	.0	.0	.0	.0	.0	.0	.0	.0	.0	.0	.0	.0	.0	.0	.0	.0	.0	.0	.0	.0	.0	.0	.0	.0	.0	.0	.0	.0	9.85	7.67	9.77	8.93	6.16	6.62	9.43	10.77	9.1	5.39	7.9	8.43	11.27	7.95	9.76	7.77	8.94	8.97	8.39	8.72	9.08	6.63	5.52	8.08	8.81	7.2	7.91	11.24	6.34	5.54	8.24	6.17	6.78	10.38	9.9	6.22	6.9	9.43	8.59	.63	10.16	4.46	6.21	7.93	8.44	8.89	9.34	9.97	5.44	7.96	
initialCoverageValue----------	360	360	360	360	360	360	360	360	360	360	360	360	360	360	360	360	360	360	360	360	360	360	360	360	360	360	360	360	360	360	360	360	360	360	360	360	360	360	360	360	360	360	360	360	360	360	360	360	360	360	360	360	360	360	360	360	360	360	360	360	360	360	360	360	360	360	360	360	360	360	360	360	360	360	360	360	360	360	360	360	360	360	360	360	360	360	360	360	360	360	360	360	360	360	360	360	360	360	360	360	
initialRedundantCoverageValue-	2520	2100	2400	1980	3060	1920	2400	2160	2220	2100	2580	1740	3180	1680	2280	2160	2580	2700	2700	2760	2040	2580	2520	2700	1860	2760	2640	2460	2280	2700	2220	2460	1740	2700	2520	1980	2520	2640	2280	2460	3300	2940	1980	2700	2700	2760	2880	2460	2220	2520	2460	2520	2220	2700	2580	1920	2700	2640	1980	2340	2700	1860	2400	2100	2820	2880	2940	2220	2880	2460	2760	2700	1920	2760	2400	1860	2820	2880	2820	2340	2700	2520	2340	2100	2640	2460	2220	2220	2760	1920	2040	1620	2880	2640	2520	2280	2580	2040	2700	2460	
additionalPoiTime-------------	0.0
algorithmTime-----------------	1.114315143E8
serverTime--------------------	1.61305034E7
Total Transferred Metadata----	13342

Photo List Size: 4542
Gained Coverage %-------------	0.9993888888888889
Gained Redundancy %-----------	0.2725938678471881
Total Cluster Created---------	50
Total Transferred Photo-------	63092
Total Photo at Destination----	1731
Coverage Group----------------	1-30	31-60	61-90	91-120	121-150	151-180	181-210	211-240	241-270	271-300	301-330	331-360	
Coverage Distribution---------	0	0	0	0	0	0	0	0	0	0	0	100	
Ratio Group-------------------	.0	.1	.2	.3	.4	.5	.6	.7	.8	.9	1.0	
Coverage Ratio----------------	0	0	0	0	0	0	0	0	0	0	100	
Redundant Ratio---------------	0	6	41	8	22	16	7	0	0	0	0	
NumberOfPoint Group-----------	0	1	2	3	4	5	6	
NumOfPoint Distribution-------	0	1	8	18	14	7	2	
SD Group----------------------	0-1	1-2	2-3	3-4	4-5	5-6	6-7	7-8	8-9	9-10	10-11	11-12	
SD Distribution---------------	51	0	0	0	1	4	9	8	12	10	3	2	
Half Coverage Group-----------	0-33750	33750-67500	67500-101250	101250-135000	135000-168750	168750-202500	202500-236250	236250-270000	270000-303750	303750-337500	337500-371250	
Half Cvg Time Distribution----	100	0	0	0	0	0	0	0	0	0	0	
Transferred Photo Group-------	0-33750	33750-67500	67500-101250	101250-135000	135000-168750	168750-202500	202500-236250	236250-270000	270000-303750	303750-337500	337500-371250	
Photo Time Distribution-------	81789	66760	26392	837	52137	4601	6726	4046	94	1500	0	

Cvg&Red Distribution----------	0.0	2.0	33750.0	67500.0	135000.0	270000.0	168750.0	337500.0	101250.0	202500.0	303750.0	236250.0	
Average PhotoNum--------------	49.91208791208791	49.91208791208791	76.38461538461539	90.86813186813187	94.04395604395604	97.58241758241758	96.82417582417582	97.58241758241758	94.08791208791209	96.92307692307692	97.58241758241758	97.20879120879121	
Nodes Above Average-----------	48	48	56	75	77	87	83	87	77	84	87	85	
Nodes Below Average-----------	43	43	35	16	14	4	8	4	14	7	4	6	

Average Coverage--------------	2859.4945054945056	2859.4945054945056	4251.692307692308	5018.582417582417	5183.692307692308	5367.0329670329675	5329.373626373626	5367.0329670329675	5185.934065934066	5334.934065934066	5367.0329670329675	5350.087912087912	
Nodes Above Average-----------	47	47	56	75	76	72	75	72	76	77	72	78	
Nodes Below Average-----------	44	44	35	16	15	19	16	19	15	14	19	13	
Photos Above Average----------	60	60	96	99	99	99	99	99	99	99	99	99	
Photos Below Average----------	38	38	44	50	66	88	82	88	66	80	88	80	
Network Coverage--------------	35989	35989	35983	35967	35936	35936	35936	35936	35936	35936	35936	35936	

Average Redundancy------------	135.23076923076923	135.23076923076923	331.38461538461536	433.5054945054945	458.94505494505495	487.9120879120879	480.0769230769231	487.9120879120879	459.34065934065933	480.45054945054943	487.9120879120879	482.43956043956047	
Nodes Above Average-----------	46	46	47	51	48	49	48	49	48	48	49	49	
Nodes Below Average-----------	45	45	44	40	43	42	43	42	43	43	42	42	
Photos Above Average----------	57	57	97	99	99	99	99	99	99	99	99	99	
Photos Below Average----------	42	42	54	80	88	94	93	94	88	93	94	94	
Network Redundancy------------	236531	236531	381077	460173	477544	496864	492724	496864	477784	493264	496864	494824	

