Message stats for scenario S_7-Photo_5000-Scenario_4-ActualPOI_50
sim_time: 337500.0000

Photo List Size: 4542
coverageValue-----------------	360	360	360	360	360	360	360	360	360	360	360	360	360	360	360	360	360	360	360	360	360	360	360	360	360	360	354	360	360	360	360	360	360	360	360	360	360	360	360	360	360	360	360	360	360	360	360	360	360	360	360	360	360	360	360	360	360	357	360	360	360	360	360	360	360	360	347	360	360	360	360	360	360	360	360	360	359	360	360	360	360	360	360	360	360	360	360	357	360	360	360	356	360	360	358	360	360	360	360	360	
redundantCoverageValue--------	420	360	300	240	540	240	180	420	540	240	360	300	480	360	360	300	180	480	300	240	360	480	240	540	240	300	306	420	240	480	540	360	300	240	420	480	420	420	300	300	360	540	540	420	360	360	180	480	300	240	1320	720	840	1080	960	960	840	423	900	780	780	660	780	1140	1440	900	1093	1020	1380	660	960	1020	1080	1380	720	1440	1141	1260	780	780	1080	660	1020	1200	1320	960	780	903	780	1380	1500	1144	1320	1200	902	1140	1080	600	420	1200	
halfCoverageTime--------------	3940.0	2698.0	2068.0	3218.0	3180.0	3941.0	3187.0	4100.0	4813.0	3621.0	5421.0	5404.0	1990.0	2628.0	3168.0	2984.0	4166.0	3976.0	3330.0	3266.0	5661.0	2418.0	4438.0	2827.0	2263.0	1922.0	2552.0	4466.0	2115.0	2576.0	3928.0	4005.0	1630.0	3589.0	3636.0	2566.0	4843.0	2540.0	1877.0	2646.0	3716.0	2034.0	1982.0	4062.0	6192.0	5513.0	1860.0	2282.0	1784.0	4347.0	2412.0	2796.0	1756.0	2801.0	2235.0	1987.0	2274.0	2704.0	3499.0	1764.0	4026.0	2442.0	3308.0	3002.0	2640.0	2230.0	2478.0	1976.0	2245.0	2206.0	3900.0	2017.0	2350.0	2406.0	1785.0	1830.0	3224.0	3056.0	1960.0	1872.0	1868.0	1848.0	1744.0	1964.0	1820.0	2135.0	2442.0	2515.0	2130.0	1842.0	3182.0	2158.0	2458.0	2760.0	1942.0	1996.0	1832.0	2200.0	2430.0	1874.0	
numberOfPoint-----------------	1	1	1	1	1	1	1	1	1	1	1	1	1	1	1	1	1	1	1	1	1	1	1	1	1	1	1	1	1	1	1	1	1	1	1	1	1	1	1	1	1	1	1	1	1	1	1	1	1	1	4	3	3	4	4	4	5	2	2	3	5	3	3	4	6	3	4	2	4	3	4	4	4	4	3	6	5	4	3	3	4	3	3	4	3	3	3	4	3	5	6	4	4	4	4	4	5	2	1	4	
standardDeviation-------------	.0	.0	.0	.0	.0	.0	.0	.0	.0	.0	.0	.0	.0	.0	.0	.0	.0	.0	.0	.0	.0	.0	.0	.0	.0	.0	.0	.0	.0	.0	.0	.0	.0	.0	.0	.0	.0	.0	.0	.0	.0	.0	.0	.0	.0	.0	.0	.0	.0	.0	7.78	8.37	6.09	7.89	9.56	9.56	9.29	5.86	6.22	7.55	9.7	7.97	6.34	7.89	10.38	6.65	7.6	4.4	8.42	9.5	7.37	7.29	8.83	9.43	9.02	11.46	9.49	8.64	9.8	7.19	8.91	9.42	6.62	8.34	5.77	6.15	6.64	8.06	6.48	9.87	10.15	9.87	9.62	9.11	9.06	7.59	8.4	6.08	1.5	8.86	
initialCoverageValue----------	360	360	360	360	360	360	360	360	360	360	360	360	360	360	360	360	360	360	360	360	360	360	360	360	360	360	355	360	360	360	360	360	360	360	360	360	360	360	360	360	360	360	360	360	360	360	360	360	360	360	360	360	360	360	360	360	360	360	360	360	360	360	360	360	360	360	354	360	360	360	360	360	360	360	360	360	360	360	360	360	360	360	360	360	360	360	360	360	360	360	360	360	360	360	360	360	360	360	360	360	
initialRedundantCoverageValue-	2580	1980	2640	2760	2400	2520	2100	2880	2520	2220	1920	2580	2700	2520	2820	2280	2160	2400	2340	2760	2160	2340	3240	2460	2040	2520	1805	2160	2220	2940	2760	2820	2640	1860	1980	2280	2100	3120	1980	2760	2760	2580	2220	2400	1860	2700	2700	2220	2580	2520	2940	2400	2100	2220	2520	2280	2280	1560	2400	1740	2640	2040	1740	2880	3000	2400	2226	2640	3360	1920	2820	2520	2700	2220	2460	2520	2400	2100	1980	1800	2460	2460	2820	2640	2880	2400	2700	2520	1740	3120	3360	2040	3120	2280	2340	2340	3000	2220	2100	2520	
additionalPoiTime-------------	6.0996391E7
algorithmTime-----------------	1.160023436E8
serverTime--------------------	1.70197091E7
Total Transferred Metadata----	13333

Photo List Size: 4542
Gained Coverage %-------------	0.9994164883714468
Gained Redundancy %-----------	0.2783753503699661
Total Cluster Created---------	50
Total Transferred Photo-------	62226
Total Photo at Destination----	1755
Coverage Group----------------	1-30	31-60	61-90	91-120	121-150	151-180	181-210	211-240	241-270	271-300	301-330	331-360	
Coverage Distribution---------	0	0	0	0	0	0	0	0	0	0	0	100	
Ratio Group-------------------	.0	.1	.2	.3	.4	.5	.6	.7	.8	.9	1.0	
Coverage Ratio----------------	0	0	0	0	0	0	0	0	0	0	100	
Redundant Ratio---------------	0	8	34	16	17	20	4	1	0	0	0	
NumberOfPoint Group-----------	0	1	2	3	4	5	6	
NumOfPoint Distribution-------	0	1	4	16	21	5	3	
SD Group----------------------	0-1	1-2	2-3	3-4	4-5	5-6	6-7	7-8	8-9	9-10	10-11	11-12	
SD Distribution---------------	50	1	0	0	1	2	9	10	9	15	2	1	
Half Coverage Group-----------	0-33750	33750-67500	67500-101250	101250-135000	135000-168750	168750-202500	202500-236250	236250-270000	270000-303750	303750-337500	337500-371250	
Half Cvg Time Distribution----	100	0	0	0	0	0	0	0	0	0	0	
Transferred Photo Group-------	0-33750	33750-67500	67500-101250	101250-135000	135000-168750	168750-202500	202500-236250	236250-270000	270000-303750	303750-337500	337500-371250	
Photo Time Distribution-------	116028	69577	27700	657	51301	4271	6700	3951	88	1518	0	

Cvg&Red Distribution----------	0.0	2.0	33750.0	67500.0	135000.0	270000.0	168750.0	337500.0	101250.0	202500.0	303750.0	236250.0	
Average PhotoNum--------------	49.91208791208791	49.91208791208791	73.52747252747253	89.35164835164835	92.68131868131869	97.26373626373626	96.57142857142857	97.27472527472527	92.7032967032967	96.6923076923077	97.26373626373626	96.94505494505495	
Nodes Above Average-----------	48	48	56	71	76	87	84	87	76	85	87	86	
Nodes Below Average-----------	43	43	35	20	15	4	7	4	15	6	4	5	

Average Coverage--------------	2877.2747252747254	2877.2747252747254	4139.681318681319	4971.428571428572	5150.208791208791	5391.681318681319	5355.340659340659	5392.340659340659	5152.692307692308	5361.604395604396	5391.681318681319	5375.087912087912	
Nodes Above Average-----------	49	49	55	72	76	78	81	78	76	81	78	80	
Nodes Below Average-----------	42	42	36	19	15	13	10	13	15	10	13	11	
Photos Above Average----------	60	60	92	99	99	99	99	99	99	99	99	99	
Photos Below Average----------	38	38	44	50	58	81	69	81	58	70	81	75	
Network Coverage--------------	35984	35984	35975	35949	35949	35926	35926	35926	35949	35926	35926	35926	

Average Redundancy------------	117.45054945054945	117.45054945054945	271.967032967033	389.6703296703297	410.6703296703297	444.14285714285717	438.94505494505495	444.14285714285717	409.5054945054945	439.9340659340659	444.14285714285717	441.61538461538464	
Nodes Above Average-----------	38	38	48	53	51	49	51	49	53	49	49	50	
Nodes Below Average-----------	53	53	43	38	40	42	40	42	38	42	42	41	
Photos Above Average----------	59	59	93	99	99	99	99	99	99	99	99	99	
Photos Below Average----------	43	43	51	75	84	94	92	94	83	92	94	93	
Network Redundancy------------	236536	236536	365485	451911	470091	495134	491354	495194	470211	492014	495134	493394	

