Message stats for scenario S_7-Photo_5000-Scenario_6-ActualPOI_50
sim_time: 337500.0000

Photo List Size: 4482
coverageValue-----------------	360	360	360	360	360	360	360	360	360	360	360	360	360	360	360	360	360	360	360	360	360	360	360	351	360	360	360	360	360	360	360	357	360	360	360	360	360	351	360	360	360	360	360	360	360	360	342	360	360	360	360	360	360	360	360	360	360	360	347	360	360	360	357	360	360	360	360	359	360	360	360	360	360	360	360	360	360	360	360	360	360	360	360	360	360	360	360	360	360	360	360	360	360	356	360	360	360	360	360	360	
redundantCoverageValue--------	2400	2280	2100	2640	2220	1620	2100	2340	1920	2040	1620	2160	2220	2160	2400	2700	2340	2280	2520	1620	1860	2220	2820	1809	2580	2700	1860	1560	2160	2220	2460	1803	2400	2520	2160	1800	2220	2049	1800	2580	2340	2520	2400	1980	2100	2460	1998	2460	1680	2280	2520	2040	1680	2220	2700	1860	2640	2820	1693	1800	1920	1800	1503	1980	2100	1980	1920	1861	2160	2760	1920	1620	2460	2220	2400	2820	2820	2280	1440	2160	2460	1620	1740	3120	2040	2880	2160	2220	2220	1680	1860	1800	2400	2224	2460	1740	2220	1620	1980	1620	
halfCoverageTime--------------	3008.0	2318.0	1764.0	1972.0	1746.0	3121.0	2597.0	2990.0	3293.0	4994.0	1899.0	1826.0	1810.0	2536.0	1836.0	2518.0	1804.0	2714.0	1684.0	5270.0	2017.0	2600.0	3868.0	4980.0	1492.0	2386.0	1480.0	2398.0	1830.0	4566.0	2980.0	3198.0	3923.0	1869.0	3818.0	2087.0	4056.0	6505.0	3704.0	2125.0	2324.0	1738.0	2634.0	2212.0	3672.0	2414.0	4111.0	1889.0	7041.0	1874.0	1886.0	1696.0	3812.0	2560.0	1750.0	7224.0	2546.0	2115.0	1775.0	5879.0	1762.0	2344.0	4548.0	2548.0	2552.0	2270.0	2064.0	1606.0	3589.0	2348.0	2382.0	3692.0	1877.0	4246.0	2130.0	1992.0	2448.0	1778.0	2512.0	2284.0	1879.0	3208.0	5033.0	1820.0	3824.0	3035.0	5783.0	2365.0	1862.0	4862.0	2540.0	3138.0	1672.0	2282.0	2092.0	2582.0	1932.0	3384.0	3110.0	3514.0	
numberOfPoint-----------------	1	1	1	1	1	1	1	1	1	1	1	1	1	1	1	1	1	1	1	1	1	1	1	1	1	1	1	1	1	1	1	1	1	1	1	1	1	1	1	1	1	1	1	1	1	1	1	1	1	1	3	4	4	4	4	3	3	3	4	4	2	4	4	3	4	4	3	5	3	4	3	3	3	3	4	3	3	5	4	5	4	4	4	3	1	5	4	5	3	2	3	2	4	3	3	4	3	2	1	3	
standardDeviation-------------	.0	.0	.0	.0	.0	.0	.0	.0	.0	.0	.0	.0	.0	.0	.0	.0	.0	.0	.0	.0	.0	.0	.0	.0	.0	.0	.0	.0	.0	.0	.0	.0	.0	.0	.0	.0	.0	.0	.0	.0	.0	.0	.0	.0	.0	.0	.0	.0	.0	.0	9.62	9.68	9.28	7.85	9.37	9.05	5.85	7.95	7.38	9.98	5.61	8.74	9.16	7.99	8.21	9.84	8.82	9.37	7.48	9.03	7.74	7.34	9.7	7.75	10.59	8.77	8.26	9.26	5.31	9.98	8.34	10.06	10.06	6.39	.57	8.62	8.52	8.19	8.32	5.76	7.47	5.58	9.23	6.97	7.71	8.13	5.88	5.9	.1	7.23	
initialCoverageValue----------	360	360	360	360	360	360	360	360	360	360	360	360	360	360	360	360	360	360	360	360	360	360	360	360	360	360	360	360	360	360	360	360	360	360	360	360	360	360	360	360	360	360	360	360	360	360	342	360	360	360	360	360	360	360	360	360	360	360	360	360	360	360	360	360	360	360	360	360	360	360	360	360	360	360	360	360	360	360	360	360	360	360	360	360	360	360	360	360	360	360	360	360	360	356	360	360	360	360	360	360	
initialRedundantCoverageValue-	2640	2700	2460	2760	2460	1920	2220	2640	2160	2340	1860	2400	2580	2280	2520	2940	2580	2760	2820	1740	2040	2460	3240	2100	2940	2880	2100	1800	2400	2460	2520	1980	2760	2700	2220	2280	2520	2520	2040	3120	2580	2940	2640	2280	2460	2940	2118	2880	1980	2580	2640	2280	1860	2580	3300	2280	2760	2940	2100	2040	2280	2040	1740	2100	2460	2160	2040	2160	2460	3000	2520	1860	2700	2520	2700	3120	3000	2460	1620	2280	2880	1920	2100	3240	2400	3180	2400	2880	2340	1980	2280	1980	2760	2584	2880	1980	2220	2040	2160	1860	
additionalPoiTime-------------	249601.6
algorithmTime-----------------	7.69389443952E10
serverTime--------------------	1.74097116E7
Total Transferred Metadata----	10896

Photo List Size: 4482
Gained Coverage %-------------	0.9989437989882706
Gained Redundancy %-----------	0.8862330574300721
Total Cluster Created---------	0
Total Transferred Photo-------	67161
Total Photo at Destination----	4599
Coverage Group----------------	1-30	31-60	61-90	91-120	121-150	151-180	181-210	211-240	241-270	271-300	301-330	331-360	
Coverage Distribution---------	0	0	0	0	0	0	0	0	0	0	0	100	
Ratio Group-------------------	.0	.1	.2	.3	.4	.5	.6	.7	.8	.9	1.0	
Coverage Ratio----------------	0	0	0	0	0	0	0	0	0	0	100	
Redundant Ratio---------------	0	0	0	0	0	0	0	0	4	57	39	
NumberOfPoint Group-----------	0	1	2	3	4	5	
NumOfPoint Distribution-------	0	2	4	20	19	5	
SD Group----------------------	0-1	1-2	2-3	3-4	4-5	5-6	6-7	7-8	8-9	9-10	10-11	
SD Distribution---------------	52	0	0	0	0	7	2	11	11	14	3	
Half Coverage Group-----------	0-33750	33750-67500	67500-101250	101250-135000	135000-168750	168750-202500	202500-236250	236250-270000	270000-303750	303750-337500	337500-371250	
Half Cvg Time Distribution----	100	0	0	0	0	0	0	0	0	0	0	
Transferred Photo Group-------	0-33750	33750-67500	67500-101250	101250-135000	135000-168750	168750-202500	202500-236250	236250-270000	270000-303750	303750-337500	337500-371250	
Photo Time Distribution-------	61366	46302	14374	906	22376	1864	3900	2125	28	1614	0	

Cvg&Red Distribution----------	0.0	2.0	33750.0	67500.0	135000.0	270000.0	168750.0	337500.0	101250.0	202500.0	303750.0	236250.0	
Average PhotoNum--------------	49.91208791208791	49.91208791208791	73.28571428571429	93.41758241758242	95.96703296703296	97.5934065934066	97.56043956043956	97.5934065934066	95.95604395604396	97.5934065934066	97.5934065934066	97.5934065934066	
Nodes Above Average-----------	48	48	44	80	84	87	86	87	84	87	87	87	
Nodes Below Average-----------	43	43	47	11	7	4	5	4	7	4	4	4	

Average Coverage--------------	2869.5604395604396	2869.5604395604396	4118.67032967033	5188.252747252747	5319.219780219781	5402.604395604396	5401.868131868132	5402.604395604396	5317.736263736264	5402.923076923077	5402.604395604396	5402.923076923077	
Nodes Above Average-----------	45	45	45	80	82	74	74	74	82	74	74	74	
Nodes Below Average-----------	46	46	46	11	9	17	17	17	9	17	17	17	
Photos Above Average----------	60	60	98	99	100	100	100	100	99	100	100	100	
Photos Below Average----------	39	39	48	45	59	87	86	87	59	87	87	87	
Network Coverage--------------	35961	35961	35906	35754	35662	35543	35571	35543	35714	35570	35543	35570	

Average Redundancy------------	125.16483516483517	125.16483516483517	278.4725274725275	416.8021978021978	438.8021978021978	453.0	451.75824175824175	453.0	439.6263736263736	452.68131868131866	453.0	452.68131868131866	
Nodes Above Average-----------	35	35	42	53	52	50	52	50	53	52	50	52	
Nodes Below Average-----------	56	56	49	38	39	41	39	41	38	39	41	39	
Photos Above Average----------	58	58	97	99	99	99	99	99	99	99	99	99	
Photos Below Average----------	44	44	52	84	90	94	94	94	90	94	94	94	
Network Redundancy------------	236559	236559	364234	474306	488318	497317	497109	497317	488206	497290	497317	497290	

