Message stats for scenario S_7-Photo_5000-Scenario_8-ActualPOI_50
sim_time: 337500.0000

Photo List Size: 4429
coverageValue-----------------	360	360	360	360	360	360	360	360	360	360	360	360	360	360	360	355	360	360	360	360	360	360	360	360	360	360	360	360	360	360	360	360	360	360	360	360	360	360	360	357	360	360	360	360	360	360	360	360	360	360	360	360	360	360	360	360	360	360	360	357	360	360	360	360	360	360	345	360	360	338	360	360	360	360	360	360	360	360	360	360	360	360	360	360	360	360	360	360	360	360	360	360	360	360	360	360	360	360	360	360	
redundantCoverageValue--------	1860	2220	2220	1920	2580	1860	2280	1920	2280	2400	2520	2580	2760	1920	1740	1805	2460	1620	2340	2040	1980	1320	1560	1980	1980	2580	1740	2280	1920	1560	2400	2220	1260	1680	2100	1440	2820	1500	2520	2103	2280	2100	2280	2580	2040	1860	2400	1920	2400	2040	1860	2220	1920	2280	1680	2220	2340	2760	1920	1863	1920	1920	2220	1920	1560	2160	2295	2100	3060	1882	2220	2340	2160	2640	1980	1620	2280	2580	1680	1800	2220	2640	2400	2280	1860	2640	2160	2460	2340	2040	2280	1920	2940	2280	2100	1980	2040	2100	2160	2340	
halfCoverageTime--------------	3470.0	2092.0	2206.0	4586.0	3509.0	2370.0	2332.0	2996.0	1946.0	2110.0	2926.0	792.0	3303.0	2991.0	1868.0	4016.0	2125.0	2595.0	3612.0	3946.0	3074.0	3180.0	1898.0	3618.0	3452.0	3536.0	2414.0	2235.0	2270.0	5280.0	3740.0	3446.0	2056.0	2003.0	2360.0	2714.0	2188.0	4095.0	2182.0	1900.0	1714.0	4074.0	1558.0	1888.0	2448.0	2080.0	1877.0	3066.0	2146.0	1958.0	3635.0	3400.0	3061.0	5238.0	5404.0	2854.0	2260.0	1998.0	2135.0	5706.0	2245.0	1474.0	1456.0	4062.0	5712.0	1893.0	5014.0	2050.0	3254.0	3330.0	2358.0	5044.0	4044.0	6320.0	2938.0	2428.0	2300.0	5306.0	4100.0	3206.0	1964.0	5331.0	1916.0	3999.0	2306.0	2110.0	6740.0	1970.0	2086.0	5741.0	2720.0	6045.0	2308.0	2458.0	1516.0	5059.0	3144.0	7148.0	2170.0	2859.0	
numberOfPoint-----------------	1	1	1	1	1	1	1	1	1	1	1	1	1	1	1	1	1	1	1	1	1	1	1	1	1	1	1	1	1	1	1	1	1	1	1	1	1	1	1	1	1	1	1	1	1	1	1	1	1	1	3	4	3	3	3	4	3	3	5	4	3	4	3	5	2	2	4	4	4	4	1	3	3	4	5	4	3	3	3	4	2	5	4	4	4	3	5	3	4	3	4	4	4	3	4	1	5	4	2	4	
standardDeviation-------------	.0	.0	.0	.0	.0	.0	.0	.0	.0	.0	.0	.0	.0	.0	.0	.0	.0	.0	.0	.0	.0	.0	.0	.0	.0	.0	.0	.0	.0	.0	.0	.0	.0	.0	.0	.0	.0	.0	.0	.0	.0	.0	.0	.0	.0	.0	.0	.0	.0	.0	6.94	8.02	6.3	6.01	9.61	7.53	7.15	6.15	8.0	10.42	6.79	9.23	8.21	9.86	4.37	4.81	7.21	9.22	7.83	8.47	1.55	8.15	7.78	9.11	9.4	10.61	9.53	6.62	7.06	9.21	5.14	10.32	9.16	7.75	9.98	7.09	9.23	7.03	9.27	7.87	8.42	8.81	8.15	6.04	9.07	.1	10.14	9.17	5.38	8.17	
initialCoverageValue----------	360	360	360	360	360	360	360	360	360	360	360	360	360	360	360	360	360	360	360	360	360	360	360	360	360	360	360	360	360	360	360	360	360	360	360	360	360	360	360	357	360	360	360	360	360	360	360	360	360	360	360	360	360	360	360	360	360	360	360	357	360	360	360	360	360	360	358	360	360	360	360	360	360	360	360	360	360	360	360	360	360	360	360	360	360	360	360	360	360	360	360	360	360	360	360	360	360	360	360	360	
initialRedundantCoverageValue-	2100	2340	2580	2280	2820	2280	2460	2220	2520	3060	2520	2700	2880	2340	2100	2220	2640	1980	2520	2160	2460	1500	1680	2100	2340	2880	1800	2460	2340	1860	2580	2400	1560	2040	2220	1860	3120	1800	2700	2343	2580	2580	2520	2820	2460	2100	2700	2160	2580	2400	2220	2520	2160	2520	2160	2640	2700	3000	2160	1923	2340	2040	2400	2400	1920	2520	2762	2400	3480	1980	2520	2400	2520	2880	2160	2040	2400	2820	2100	2460	2460	2940	2520	2700	2280	3180	2340	2820	2580	2340	2520	2220	3240	2580	2340	2400	2520	2640	2460	2880	
additionalPoiTime-------------	1185607.6
algorithmTime-----------------	9.4847107872268E10
serverTime--------------------	1.29012827E7
Total Transferred Metadata----	7694

Photo List Size: 4429
Gained Coverage %-------------	0.9988886419204268
Gained Redundancy %-----------	0.8785140893924879
Total Cluster Created---------	0
Total Transferred Photo-------	128315
Total Photo at Destination----	4534
Coverage Group----------------	1-30	31-60	61-90	91-120	121-150	151-180	181-210	211-240	241-270	271-300	301-330	331-360	
Coverage Distribution---------	0	0	0	0	0	0	0	0	0	0	0	100	
Ratio Group-------------------	.0	.1	.2	.3	.4	.5	.6	.7	.8	.9	1.0	
Coverage Ratio----------------	0	0	0	0	0	0	0	0	0	0	100	
Redundant Ratio---------------	0	0	0	0	0	0	0	0	8	53	39	
NumberOfPoint Group-----------	0	1	2	3	4	5	
NumOfPoint Distribution-------	0	2	4	17	21	6	
SD Group----------------------	0-1	1-2	2-3	3-4	4-5	5-6	6-7	7-8	8-9	9-10	10-11	
SD Distribution---------------	51	1	0	0	2	2	7	10	9	14	4	
Half Coverage Group-----------	0-33750	33750-67500	67500-101250	101250-135000	135000-168750	168750-202500	202500-236250	236250-270000	270000-303750	303750-337500	337500-371250	
Half Cvg Time Distribution----	100	0	0	0	0	0	0	0	0	0	0	
Transferred Photo Group-------	0-33750	33750-67500	67500-101250	101250-135000	135000-168750	168750-202500	202500-236250	236250-270000	270000-303750	303750-337500	337500-371250	
Photo Time Distribution-------	112968	103054	43887	4563	82133	7849	14257	9121	956	6217	0	

Cvg&Red Distribution----------	0.0	2.0	33750.0	67500.0	135000.0	270000.0	168750.0	337500.0	101250.0	202500.0	303750.0	236250.0	
Average PhotoNum--------------	49.91208791208791	49.91208791208791	92.92307692307692	99.95604395604396	99.94505494505495	99.98901098901099	100.0	100.0	99.95604395604396	100.0	99.98901098901099	100.0	
Nodes Above Average-----------	48	48	76	90	89	90	0	0	90	0	90	0	
Nodes Below Average-----------	43	43	15	1	2	1	91	91	1	91	1	91	

Average Coverage--------------	2866.7912087912086	2866.7912087912086	5045.934065934066	5412.274725274725	5417.89010989011	5397.417582417583	5412.747252747253	5409.241758241758	5400.780219780219	5420.802197802198	5395.516483516483	5429.725274725275	
Nodes Above Average-----------	48	48	75	48	45	48	47	45	44	46	47	44	
Nodes Below Average-----------	43	43	16	43	46	43	44	46	47	45	44	47	
Photos Above Average----------	60	60	99	100	99	100	100	100	100	100	100	100	
Photos Below Average----------	38	38	60	99	99	99	100	100	99	100	99	100	
Network Coverage--------------	35965	35965	35965	35965	35965	35965	35965	35965	35965	35965	35965	35965	

Average Redundancy------------	127.93406593406593	127.93406593406593	529.4505494505495	585.0879120879121	578.8131868131868	601.9230769230769	587.2527472527472	590.7582417582418	596.5824175824176	579.1978021978022	603.8241758241758	570.2747252747253	
Nodes Above Average-----------	38	38	53	42	46	42	44	46	46	45	43	47	
Nodes Below Average-----------	53	53	38	49	45	49	47	45	45	46	48	44	
Photos Above Average----------	57	57	99	100	100	100	100	100	100	100	100	100	
Photos Below Average----------	44	44	83	99	99	99	100	100	99	100	99	100	
Network Redundancy------------	236555	236555	471395	509795	509735	509975	510035	510035	509795	510035	509975	510035	

