Message stats for scenario S_9-Photo_5000-Scenario_4-ActualPOI_50
sim_time: 337500.0000

Photo List Size: 4409
coverageValue-----------------	360	360	360	360	360	360	360	360	360	360	360	360	360	360	360	360	360	360	360	360	360	360	360	360	360	360	360	355	360	360	360	360	360	360	360	360	360	360	360	360	360	360	360	360	360	360	360	360	360	360	360	360	360	360	360	360	351	357	360	360	360	360	360	356	360	360	360	360	360	359	360	360	360	360	360	360	360	360	360	360	360	359	360	360	360	360	360	360	360	360	360	360	360	360	360	360	360	351	360	360	
redundantCoverageValue--------	540	300	420	360	420	360	300	240	360	300	300	420	360	360	360	360	240	420	300	360	540	360	360	360	180	360	540	425	240	480	360	360	660	420	540	360	420	360	480	480	300	420	300	300	300	300	300	240	360	240	960	660	960	840	1200	960	849	723	300	780	960	1080	900	844	780	1020	1320	1320	780	901	1020	1080	1080	720	540	1080	1080	1260	840	1200	960	721	900	1020	1140	900	1080	1140	780	600	1020	600	1020	1020	900	900	900	789	900	1020	
halfCoverageTime--------------	5632.0	3126.0	4479.0	2098.0	4188.0	4447.0	4044.0	2218.0	3934.0	2235.0	1630.0	1744.0	4134.0	4111.0	2592.0	2704.0	4554.0	4282.0	2986.0	1850.0	1908.0	2672.0	1778.0	3840.0	2788.0	2350.0	2816.0	2120.0	4241.0	3138.0	2882.0	2618.0	1909.0	4384.0	1762.0	1914.0	3846.0	3800.0	4172.0	4722.0	2546.0	3818.0	1726.0	4080.0	2800.0	3086.0	4871.0	2034.0	4418.0	4318.0	1866.0	1740.0	2412.0	2087.0	3138.0	2810.0	3035.0	1868.0	3586.0	2235.0	2176.0	1830.0	2104.0	1844.0	2822.0	1738.0	2125.0	1899.0	2206.0	4050.0	4131.0	1926.0	1450.0	1904.0	3071.0	3722.0	1877.0	3598.0	2683.0	2070.0	1418.0	2188.0	2146.0	2530.0	2270.0	2182.0	2064.0	2782.0	1802.0	3293.0	1818.0	4016.0	2212.0	1968.0	1924.0	2566.0	2070.0	2595.0	3592.0	2959.0	
numberOfPoint-----------------	1	1	1	1	1	1	1	1	1	1	1	1	1	1	1	1	1	1	1	1	1	1	1	1	1	1	1	1	1	1	1	1	1	1	1	1	1	1	1	1	1	1	1	1	1	1	1	1	1	1	4	1	3	1	3	4	3	2	2	3	3	5	2	3	3	3	4	5	2	3	5	3	3	3	4	5	4	4	4	3	3	2	2	4	3	4	3	5	3	2	4	2	6	2	4	3	3	4	3	3	
standardDeviation-------------	.0	.0	.0	.0	.0	.0	.0	.0	.0	.0	.0	.0	.0	.0	.0	.0	.0	.0	.0	.0	.0	.0	.0	.0	.0	.0	.0	.0	.0	.0	.0	.0	.0	.0	.0	.0	.0	.0	.0	.0	.0	.0	.0	.0	.0	.0	.0	.0	.0	.0	8.85	.64	7.98	.1	8.1	9.52	9.55	5.51	9.69	7.34	9.41	9.53	5.45	8.74	6.34	7.63	10.34	8.35	4.7	8.55	10.63	7.21	7.73	8.42	9.52	9.62	9.14	8.32	7.66	6.99	7.52	5.76	6.65	10.09	7.29	8.7	8.41	9.29	8.29	5.22	8.64	6.56	11.06	5.48	9.48	5.67	7.52	9.28	8.96	6.43	
initialCoverageValue----------	360	360	360	360	360	360	360	360	360	360	360	360	360	360	360	360	360	360	360	360	360	360	360	360	360	360	360	355	360	360	360	360	360	360	360	360	360	360	360	360	360	360	360	360	360	360	360	360	360	360	360	360	360	360	360	360	360	360	360	360	360	360	360	360	360	360	360	360	360	360	360	360	360	360	360	360	360	360	360	360	360	360	360	360	360	360	360	360	360	360	360	360	360	360	360	360	360	351	360	360	
initialRedundantCoverageValue-	1800	2100	2220	2940	2400	2520	2160	2340	2100	2400	2700	2580	2340	2400	2640	2460	2280	2340	2400	2580	2580	2640	2100	2460	3120	1980	2340	1865	1980	2100	2340	2520	2460	2280	2580	3180	2460	2340	2760	2160	2280	2640	2220	2520	3300	2700	2100	2580	1920	1920	2220	2640	2040	2340	2820	1920	2280	2580	2340	2940	2220	2460	2220	2160	2760	3000	3180	2280	2280	1920	1920	2580	2640	2700	2100	2160	3120	2760	2400	3060	3180	2100	2520	3060	3180	2340	2280	2760	2100	2040	2100	2100	2580	2340	2520	2280	2220	1809	2220	2700	
additionalPoiTime-------------	5.896E7
algorithmTime-----------------	1.1617E8
serverTime--------------------	2.163E7
Total Transferred Metadata----	13047

Photo List Size: 4409
Gained Coverage %-------------	0.9994998054799088
Gained Redundancy %-----------	0.266997534976133
Total Cluster Created---------	50
Total Transferred Photo-------	59682
Total Photo at Destination----	1704
Coverage Group----------------	1-30	31-60	61-90	91-120	121-150	151-180	181-210	211-240	241-270	271-300	301-330	331-360	
Coverage Distribution---------	0	0	0	0	0	0	0	0	0	0	0	100	
Ratio Group-------------------	.0	.1	.2	.3	.4	.5	.6	.7	.8	.9	1.0	
Coverage Ratio----------------	0	0	0	0	0	0	0	0	0	0	100	
Redundant Ratio---------------	0	3	40	16	19	20	2	0	0	0	0	
NumberOfPoint Group-----------	0	1	2	3	4	5	6	
NumOfPoint Distribution-------	0	2	9	21	12	5	1	
SD Group----------------------	0-1	1-2	2-3	3-4	4-5	5-6	6-7	7-8	8-9	9-10	10-11	11-12	
SD Distribution---------------	52	0	0	0	1	6	5	9	12	11	3	1	
Half Coverage Group-----------	0-33750	33750-67500	67500-101250	101250-135000	135000-168750	168750-202500	202500-236250	236250-270000	270000-303750	303750-337500	337500-371250	
Half Cvg Time Distribution----	100	0	0	0	0	0	0	0	0	0	0	
Transferred Photo Group-------	0-33750	33750-67500	67500-101250	101250-135000	135000-168750	168750-202500	202500-236250	236250-270000	270000-303750	303750-337500	337500-371250	
Photo Time Distribution-------	105395	69744	25958	744	48396	4424	6516	3931	84	1230	0	

Cvg&Red Distribution----------	0.0	2.0	33750.0	67500.0	135000.0	270000.0	168750.0	337500.0	101250.0	202500.0	303750.0	236250.0	
Average PhotoNum--------------	49.53932584269663	49.53932584269663	77.17977528089888	91.52808988764045	94.24719101123596	97.26966292134831	96.89887640449439	97.26966292134831	94.28089887640449	96.89887640449439	97.26966292134831	97.01123595505618	
Nodes Above Average-----------	46	46	54	75	79	85	83	85	79	83	85	84	
Nodes Below Average-----------	43	43	35	14	10	4	6	4	10	6	4	5	

Average Coverage--------------	2850.752808988764	2850.752808988764	4296.651685393258	5060.76404494382	5207.438202247191	5365.516853932584	5345.988764044944	5365.516853932584	5209.449438202248	5345.988764044944	5365.516853932584	5351.966292134832	
Nodes Above Average-----------	47	47	54	76	78	75	75	75	78	75	75	75	
Nodes Below Average-----------	42	42	35	13	11	14	14	14	11	14	14	14	
Photos Above Average----------	59	59	98	99	99	100	100	100	99	100	100	100	
Photos Below Average----------	38	38	44	44	56	82	80	82	56	80	82	81	
Network Coverage--------------	35986	35986	35952	35948	35921	35921	35921	35921	35921	35921	35921	35921	

Average Redundancy------------	121.6067415730337	121.6067415730337	334.13483146067415	430.92134831460675	447.39325842696627	470.6629213483146	467.9438202247191	470.6629213483146	447.40449438202245	467.9438202247191	470.6629213483146	468.70786516853934	
Nodes Above Average-----------	39	39	50	51	48	45	46	45	48	46	45	46	
Nodes Below Average-----------	50	50	39	38	41	44	43	44	41	43	44	43	
Photos Above Average----------	57	57	98	99	99	99	100	99	99	100	99	100	
Photos Below Average----------	43	43	50	80	87	94	93	94	87	93	94	93	
Network Redundancy------------	228554	228554	376188	452812	467359	483499	481519	483499	467539	481519	483499	482119	

