Message stats for scenario S_9-Photo_5000-Scenario_7-ActualPOI_50
sim_time: 337500.0000

Photo List Size: 4409
coverageValue-----------------	360	360	360	360	360	360	360	360	360	360	360	360	360	360	360	360	360	360	360	360	360	360	360	360	360	360	360	360	360	360	359	360	360	360	360	360	360	360	360	360	360	360	360	347	360	360	360	360	360	360	360	360	360	360	360	360	360	360	360	360	360	360	360	360	360	360	360	355	360	360	360	360	360	360	360	360	360	360	360	360	360	360	360	360	360	360	360	360	360	360	360	360	360	360	360	360	360	360	360	360	
redundantCoverageValue--------	1920	1860	2100	2520	2460	2100	2580	2760	2580	1860	1860	2580	1980	2400	1980	1980	2460	2220	1800	1740	2100	2520	2460	2160	2040	1680	2100	1920	2820	2100	1681	1980	2280	2160	1740	1860	1740	2220	2040	2040	1680	2220	2520	1993	2280	1920	2400	2100	1980	1380	1860	1680	2580	1920	2760	2580	2700	1560	2580	2340	2100	1740	1860	2460	2220	1440	1740	1985	2280	2220	1980	2460	2460	2100	2460	1920	2700	2280	1680	1740	2520	2760	2040	2460	2820	1740	2160	2100	1860	1800	1680	1980	1800	1860	2340	1740	2220	2580	1920	2100	
halfCoverageTime--------------	1510.0	4852.0	2092.0	5072.0	3998.0	1940.0	2590.0	2904.0	1732.0	2086.0	4021.0	4100.0	3958.0	4188.0	5162.0	3574.0	1445.0	4062.0	4080.0	3946.0	4896.0	4026.0	636.0	3930.0	4630.0	3698.0	1606.0	3156.0	2326.0	2944.0	3162.0	2949.0	1406.0	5073.0	3002.0	5352.0	5331.0	3378.0	3846.0	2473.0	3400.0	2980.0	2017.0	1888.0	1850.0	2554.0	1888.0	2932.0	3406.0	2026.0	2080.0	2164.0	2986.0	1808.0	1948.0	2146.0	1394.0	1874.0	2640.0	2788.0	1934.0	3168.0	2332.0	1830.0	2758.0	2752.0	4438.0	2110.0	2822.0	2240.0	2029.0	2542.0	1826.0	1842.0	2188.0	3293.0	1908.0	2024.0	4172.0	1866.0	2548.0	1785.0	2920.0	2805.0	1780.0	2926.0	3762.0	2282.0	2300.0	4285.0	1546.0	1762.0	2044.0	3342.0	2320.0	3710.0	2605.0	4262.0	1879.0	2595.0	
numberOfPoint-----------------	1	1	1	1	1	1	1	1	1	1	1	1	1	1	1	1	1	1	1	1	1	1	1	1	1	1	1	1	1	1	1	1	1	1	1	1	1	1	1	1	1	1	1	1	1	1	1	1	1	1	3	5	4	5	5	3	3	3	3	4	5	4	3	4	3	4	2	5	1	3	3	4	4	4	4	4	2	5	3	3	4	4	3	3	4	3	3	3	2	5	3	4	6	4	4	2	4	6	3	3	
standardDeviation-------------	.0	.0	.0	.0	.0	.0	.0	.0	.0	.0	.0	.0	.0	.0	.0	.0	.0	.0	.0	.0	.0	.0	.0	.0	.0	.0	.0	.0	.0	.0	.0	.0	.0	.0	.0	.0	.0	.0	.0	.0	.0	.0	.0	.0	.0	.0	.0	.0	.0	.0	7.44	9.92	9.96	8.59	9.76	7.79	6.87	8.82	5.94	8.83	8.18	6.86	7.06	10.58	9.09	8.15	6.16	10.01	.61	8.28	8.34	10.05	9.78	10.38	8.42	9.51	5.8	10.09	8.33	7.47	9.61	7.81	9.63	8.36	8.38	8.78	8.93	8.11	4.25	9.51	11.3	7.2	11.48	9.58	7.76	5.1	9.62	10.03	7.06	9.46	
initialCoverageValue----------	360	360	360	360	360	360	360	360	360	360	360	360	360	360	360	360	360	360	360	360	360	360	360	360	360	360	360	360	360	360	359	360	360	360	360	360	360	360	360	360	360	360	360	347	360	360	360	360	360	360	360	360	360	360	360	360	360	360	360	360	360	360	360	360	360	360	360	360	360	360	360	360	360	360	360	360	360	360	360	360	360	360	360	360	360	360	360	360	360	360	360	360	360	360	360	360	360	360	360	360	
initialRedundantCoverageValue-	2160	2100	2880	2880	2820	2400	2700	3120	2880	2220	2160	2820	2220	2640	2400	2460	2820	2820	2340	2280	2160	3000	2700	2520	2280	1860	2460	2220	3060	2460	2041	2220	2520	2340	2040	2220	1980	2580	2520	2280	2220	2400	2700	2173	2700	2280	3000	2580	2340	1680	1920	1980	2820	2280	3120	2700	2940	2040	2820	3120	2340	1980	2340	2700	2460	1680	2100	2340	2460	2520	2340	2640	2820	2580	2880	2220	3120	2700	2100	1980	2760	3240	2160	2700	2940	2280	2340	2520	2280	2100	1860	2340	2100	2220	2700	2040	2460	2940	2220	2400	
additionalPoiTime-------------	6.148E7
algorithmTime-----------------	1.2238E8
serverTime--------------------	4.999E7
Total Transferred Metadata----	13173

Photo List Size: 4409
Gained Coverage %-------------	0.9998610570777524
Gained Redundancy %-----------	0.8672001761151924
Total Cluster Created---------	50
Total Transferred Photo-------	41306
Total Photo at Destination----	4395
Coverage Group----------------	1-30	31-60	61-90	91-120	121-150	151-180	181-210	211-240	241-270	271-300	301-330	331-360	
Coverage Distribution---------	0	0	0	0	0	0	0	0	0	0	0	100	
Ratio Group-------------------	.0	.1	.2	.3	.4	.5	.6	.7	.8	.9	1.0	
Coverage Ratio----------------	0	0	0	0	0	0	0	0	0	0	100	
Redundant Ratio---------------	0	0	0	0	0	0	0	0	11	61	28	
NumberOfPoint Group-----------	0	1	2	3	4	5	6	
NumOfPoint Distribution-------	0	1	4	19	17	7	2	
SD Group----------------------	0-1	1-2	2-3	3-4	4-5	5-6	6-7	7-8	8-9	9-10	10-11	11-12	
SD Distribution---------------	51	0	0	0	1	3	3	8	14	12	6	2	
Half Coverage Group-----------	0-33750	33750-67500	67500-101250	101250-135000	135000-168750	168750-202500	202500-236250	236250-270000	270000-303750	303750-337500	337500-371250	
Half Cvg Time Distribution----	100	0	0	0	0	0	0	0	0	0	0	
Transferred Photo Group-------	0-33750	33750-67500	67500-101250	101250-135000	135000-168750	168750-202500	202500-236250	236250-270000	270000-303750	303750-337500	337500-371250	
Photo Time Distribution-------	106404	26038	5223	114	2416	40	47	18	0	19	0	

Cvg&Red Distribution----------	0.0	2.0	33750.0	67500.0	135000.0	270000.0	168750.0	337500.0	101250.0	202500.0	303750.0	236250.0	
Average PhotoNum--------------	49.53932584269663	49.53932584269663	71.19101123595506	84.50561797752809	71.20224719101124	72.14606741573034	73.56179775280899	72.19101123595506	72.82022471910112	73.08988764044943	72.14606741573034	72.12359550561797	
Nodes Above Average-----------	46	46	50	68	53	50	51	50	54	52	50	50	
Nodes Below Average-----------	43	43	39	21	36	39	38	39	35	37	39	39	

Average Coverage--------------	2846.5842696629215	2846.5842696629215	3983.6404494382023	4695.449438202248	3991.258426966292	4047.123595505618	4121.426966292135	4050.2696629213483	4077.6516853932585	4097.224719101124	4047.123595505618	4045.258426966292	
Nodes Above Average-----------	45	45	51	67	53	51	52	51	55	53	51	51	
Nodes Below Average-----------	44	44	38	22	36	38	37	38	34	36	38	38	
Photos Above Average----------	60	60	93	97	91	90	92	90	92	91	90	90	
Photos Below Average----------	38	38	41	46	41	47	47	47	40	46	47	47	
Network Coverage--------------	35981	35981	35925	35925	35925	35925	35925	35925	35925	35925	35925	35925	

Average Redundancy------------	125.7752808988764	125.7752808988764	287.82022471910113	374.8876404494382	280.87640449438203	281.64044943820227	292.2808988764045	281.19101123595505	291.561797752809	288.1685393258427	281.64044943820227	282.1573033707865	
Nodes Above Average-----------	39	39	47	53	43	43	42	43	44	45	43	43	
Nodes Below Average-----------	50	50	42	36	46	46	47	46	45	44	46	46	
Photos Above Average----------	57	57	92	96	93	90	93	90	93	92	90	90	
Photos Below Average----------	43	43	46	66	50	54	56	54	52	53	54	54	
Network Redundancy------------	228559	228559	344235	415335	344295	349335	356895	349575	352935	354375	349335	349215	

