Message stats for scenario S_9-Photo_5000-Scenario_6-ActualPOI_50
sim_time: 337500.0000

Photo List Size: 4349
coverageValue-----------------	360	360	360	360	360	360	360	360	360	360	354	360	360	360	360	360	360	360	360	360	360	360	360	360	360	360	360	360	360	360	360	360	354	360	360	360	360	360	360	360	360	360	360	360	360	360	360	337	360	360	360	360	360	360	358	360	360	360	360	360	360	360	360	360	360	360	360	360	360	359	360	360	360	360	360	360	350	360	360	360	360	360	360	360	360	360	360	360	360	360	360	360	360	360	360	360	360	360	360	360	
redundantCoverageValue--------	1980	1680	2160	1620	2280	1860	1140	2460	2100	2100	1806	2580	1920	1920	1800	1620	1800	2280	2280	1980	2280	1980	1800	2520	2460	1920	1860	1680	2520	1620	1560	1980	1866	2340	2040	2280	1440	1980	2520	1920	2220	2760	2040	2220	2220	1500	2820	2123	2280	2160	2040	2040	1680	1800	2102	3060	2220	1740	2760	1680	2220	1860	1560	2040	2880	1980	2100	2040	2160	1741	2280	2220	2400	2400	1920	1620	1930	2520	2520	1620	2100	2400	1980	2040	1860	1920	2340	2340	2100	2100	1680	2280	1980	2040	2100	3360	2580	2160	2400	2280	
halfCoverageTime--------------	2505.0	3164.0	3630.0	2542.0	1850.0	1874.0	4021.0	530.0	2566.0	2320.0	2284.0	3651.0	2510.0	2115.0	2140.0	3002.0	3952.0	2338.0	1881.0	1752.0	2548.0	2125.0	1804.0	1762.0	1932.0	1798.0	1758.0	2530.0	2288.0	1984.0	4402.0	2380.0	4074.0	1987.0	4386.0	3236.0	4933.0	1862.0	1726.0	1834.0	1998.0	1848.0	768.0	2991.0	4347.0	2484.0	2424.0	2430.0	2640.0	2208.0	2213.0	2250.0	3271.0	2096.0	726.0	1908.0	2959.0	1879.0	1504.0	3800.0	1606.0	2332.0	1936.0	1814.0	3612.0	1844.0	3666.0	3782.0	1696.0	2400.0	2125.0	4466.0	2658.0	3336.0	2355.0	4408.0	2910.0	3734.0	2686.0	2870.0	2398.0	2078.0	1768.0	1854.0	5008.0	1406.0	1702.0	1808.0	4438.0	3035.0	1600.0	1882.0	1732.0	3136.0	1888.0	1872.0	804.0	2990.0	1642.0	1818.0	
numberOfPoint-----------------	1	1	1	1	1	1	1	1	1	1	1	1	1	1	1	1	1	1	1	1	1	1	1	1	1	1	1	1	1	1	1	1	1	1	1	1	1	1	1	1	1	1	1	1	1	1	1	1	1	1	5	4	3	3	5	4	3	3	3	3	3	2	4	4	5	4	3	3	2	4	4	4	4	2	3	3	4	4	4	4	1	4	3	3	4	3	4	4	4	3	4	3	2	3	4	3	3	3	4	4	
standardDeviation-------------	.0	.0	.0	.0	.0	.0	.0	.0	.0	.0	.0	.0	.0	.0	.0	.0	.0	.0	.0	.0	.0	.0	.0	.0	.0	.0	.0	.0	.0	.0	.0	.0	.0	.0	.0	.0	.0	.0	.0	.0	.0	.0	.0	.0	.0	.0	.0	.0	.0	.0	8.81	8.35	6.65	7.18	10.45	9.66	6.14	7.96	8.74	9.93	7.11	5.85	9.39	9.62	8.87	9.25	8.65	7.02	4.91	9.41	8.02	7.35	8.85	5.72	7.66	5.88	8.96	8.55	9.94	9.84	.94	8.14	6.13	8.29	10.18	7.39	8.74	10.27	9.21	6.8	10.87	8.23	6.5	8.36	8.72	7.7	8.56	6.81	7.58	7.54	
initialCoverageValue----------	360	360	360	360	360	360	360	360	360	360	360	360	360	360	360	360	360	360	360	360	360	360	360	360	360	360	360	360	360	360	360	360	360	360	360	360	360	360	360	360	360	360	360	360	360	360	360	351	360	360	360	360	360	360	358	360	360	360	360	360	360	360	360	360	360	360	360	360	360	360	360	360	360	360	360	360	360	360	360	360	360	360	360	360	360	360	360	360	360	360	360	360	360	360	360	360	360	360	360	360	
initialRedundantCoverageValue-	2640	2040	2700	1920	2580	2040	1560	2880	2340	2340	2100	2700	2160	2220	2100	1740	2280	2760	2460	2340	2400	2520	2220	2760	2640	2160	2460	2040	2760	2280	1980	2340	2040	2640	2340	2940	1680	2460	2700	2520	2400	3300	2400	2460	2520	2100	3120	2589	2820	2400	2460	2460	2040	2160	2402	3480	2700	2040	3000	1980	2640	2220	2100	2340	3240	2280	2400	2400	2520	2340	2640	2580	2760	2640	2400	1920	2400	2760	2760	1920	2640	2940	2400	2580	2160	2160	2460	2460	2400	2280	1860	2760	2220	2460	2400	3540	3000	2400	2460	2640	
additionalPoiTime-------------	350000.0
algorithmTime-----------------	8.772833E10
serverTime--------------------	1.157E7
Total Transferred Metadata----	10701

Photo List Size: 4349
Gained Coverage %-------------	0.9989719080830254
Gained Redundancy %-----------	0.8580734234363414
Total Cluster Created---------	0
Total Transferred Photo-------	64151
Total Photo at Destination----	4459
Coverage Group----------------	1-30	31-60	61-90	91-120	121-150	151-180	181-210	211-240	241-270	271-300	301-330	331-360	
Coverage Distribution---------	0	0	0	0	0	0	0	0	0	0	0	100	
Ratio Group-------------------	.0	.1	.2	.3	.4	.5	.6	.7	.8	.9	1.0	
Coverage Ratio----------------	0	0	0	0	0	0	0	0	0	0	100	
Redundant Ratio---------------	0	0	0	0	0	0	0	0	16	61	23	
NumberOfPoint Group-----------	0	1	2	3	4	5	
NumOfPoint Distribution-------	0	1	4	20	22	3	
SD Group----------------------	0-1	1-2	2-3	3-4	4-5	5-6	6-7	7-8	8-9	9-10	10-11	
SD Distribution---------------	51	0	0	0	1	3	6	10	16	9	4	
Half Coverage Group-----------	0-33750	33750-67500	67500-101250	101250-135000	135000-168750	168750-202500	202500-236250	236250-270000	270000-303750	303750-337500	337500-371250	
Half Cvg Time Distribution----	100	0	0	0	0	0	0	0	0	0	0	
Transferred Photo Group-------	0-33750	33750-67500	67500-101250	101250-135000	135000-168750	168750-202500	202500-236250	236250-270000	270000-303750	303750-337500	337500-371250	
Photo Time Distribution-------	60790	39458	11883	1075	22161	1983	3556	2066	48	1444	0	

Cvg&Red Distribution----------	0.0	2.0	33750.0	67500.0	135000.0	270000.0	168750.0	337500.0	101250.0	202500.0	303750.0	236250.0	
Average PhotoNum--------------	49.53932584269663	49.53932584269663	72.88764044943821	93.21348314606742	95.87640449438203	97.53932584269663	97.50561797752809	97.53932584269663	95.86516853932584	97.53932584269663	97.53932584269663	97.53932584269663	
Nodes Above Average-----------	46	46	44	78	82	85	84	85	82	85	85	85	
Nodes Below Average-----------	43	43	45	11	7	4	5	4	7	4	4	4	

Average Coverage--------------	2849.1348314606744	2849.1348314606744	4092.1685393258426	5174.640449438202	5312.61797752809	5398.483146067416	5396.471910112359	5398.483146067416	5311.853932584269	5398.483146067416	5398.483146067416	5398.483146067416	
Nodes Above Average-----------	45	45	45	77	79	76	76	76	79	76	76	76	
Nodes Below Average-----------	44	44	44	12	10	13	13	13	10	13	13	13	
Photos Above Average----------	60	60	98	99	100	100	100	100	99	100	100	100	
Photos Below Average----------	38	38	47	49	63	83	82	83	63	83	83	83	
Network Coverage--------------	35953	35953	35888	35698	35614	35459	35459	35459	35618	35459	35459	35459	

Average Redundancy------------	123.2247191011236	123.2247191011236	281.08988764044943	418.1685393258427	439.96629213483146	453.87640449438203	453.86516853932585	453.87640449438203	440.0561797752809	453.87640449438203	453.87640449438203	453.87640449438203	
Nodes Above Average-----------	42	42	42	51	45	46	46	46	45	46	46	46	
Nodes Below Average-----------	47	47	47	38	44	43	43	43	44	43	43	43	
Photos Above Average----------	57	57	99	99	100	100	100	100	99	100	100	100	
Photos Below Average----------	42	42	49	84	91	94	94	94	91	94	94	94	
Network Redundancy------------	228587	228587	353332	462062	476366	485401	485221	485401	476302	485401	485401	485401	

