Message stats for scenario S_9-Photo_5000-Scenario_5-ActualPOI_50
sim_time: 337500.0000

Photo List Size: 4409
coverageValue-----------------	360	360	360	360	360	360	360	360	360	360	360	360	360	360	360	360	360	360	360	347	360	360	360	360	360	360	360	360	360	360	360	360	352	360	360	360	360	360	346	360	360	360	360	360	360	360	360	357	360	360	360	360	354	360	360	360	360	355	360	360	360	360	360	360	360	360	354	360	360	360	360	360	360	360	360	360	360	360	360	360	360	360	360	360	360	360	360	356	360	360	360	360	360	360	360	360	360	360	360	360	
redundantCoverageValue--------	240	360	720	420	360	420	240	420	240	180	420	240	240	420	540	420	360	300	480	313	300	300	360	360	300	300	360	300	480	300	360	600	488	300	360	300	480	300	314	360	360	300	420	300	180	360	420	423	240	300	1140	1080	606	840	780	840	780	485	1200	1020	1380	1080	900	1080	1140	1320	1086	900	1020	840	720	900	1080	1140	780	660	1200	1020	1140	1080	600	1380	1260	1080	780	900	900	724	660	1140	900	1080	720	960	1080	960	1080	1260	960	720	
halfCoverageTime--------------	3464.0	2406.0	4021.0	2240.0	3878.0	4330.0	1872.0	2288.0	1768.0	1750.0	1762.0	2372.0	3144.0	3788.0	3618.0	2859.0	2692.0	2595.0	1884.0	3440.0	3556.0	2302.0	3600.0	1882.0	4272.0	2012.0	2554.0	3976.0	4571.0	2478.0	1879.0	3196.0	1842.0	4672.0	3482.0	2002.0	3782.0	2092.0	5302.0	2453.0	2122.0	3206.0	4424.0	3934.0	3998.0	4260.0	570.0	542.0	1893.0	2146.0	762.0	2358.0	1910.0	2182.0	2052.0	1758.0	2098.0	1970.0	1990.0	2130.0	4172.0	2338.0	2398.0	4318.0	1752.0	2125.0	2245.0	816.0	2714.0	1775.0	2686.0	2330.0	2502.0	3829.0	1746.0	2070.0	2306.0	4062.0	2336.0	3303.0	3280.0	1908.0	2288.0	3452.0	2996.0	4282.0	2383.0	3952.0	2262.0	2087.0	1998.0	3174.0	3488.0	3071.0	2029.0	3494.0	4612.0	2959.0	2296.0	1964.0	
numberOfPoint-----------------	1	1	1	1	1	1	1	1	1	1	1	1	1	1	1	1	1	1	1	1	1	1	1	1	1	1	1	1	1	1	1	1	1	1	1	1	1	1	1	1	1	1	1	1	1	1	1	1	1	1	4	5	3	3	3	3	4	2	4	4	4	4	5	5	4	4	5	3	5	4	2	4	5	5	2	2	3	5	4	3	2	4	5	5	3	4	3	2	2	5	3	4	3	3	5	3	5	5	3	3	
standardDeviation-------------	.0	.0	.0	.0	.0	.0	.0	.0	.0	.0	.0	.0	.0	.0	.0	.0	.0	.0	.0	.0	.0	.0	.0	.0	.0	.0	.0	.0	.0	.0	.0	.0	.0	.0	.0	.0	.0	.0	.0	.0	.0	.0	.0	.0	.0	.0	.0	.0	.0	.0	8.42	8.87	5.5	6.81	6.2	8.9	10.29	6.19	8.77	7.83	7.87	10.27	10.85	9.13	8.59	8.23	8.6	8.3	10.54	9.09	5.62	9.95	9.75	10.0	4.69	8.61	8.53	9.99	9.7	6.54	4.87	10.09	10.08	9.15	6.65	9.73	6.66	5.48	5.67	10.37	7.88	9.12	7.52	6.89	10.41	5.58	9.37	9.56	6.38	8.03	
initialCoverageValue----------	360	360	360	360	360	360	360	360	360	360	360	360	360	360	360	360	360	360	360	347	360	360	360	360	360	360	360	360	360	360	360	360	352	360	360	360	360	360	360	360	360	360	360	360	360	360	360	360	360	360	360	360	360	360	360	360	360	360	360	360	360	360	360	360	360	360	357	360	360	360	360	360	360	360	360	360	360	360	360	360	360	360	360	360	360	360	360	360	360	360	360	360	360	360	360	360	360	360	360	360	
initialRedundantCoverageValue-	2700	2100	1920	2460	2100	2400	3660	2400	2520	2340	2460	2700	2580	2040	2700	2220	2220	2580	2100	1753	2220	2220	2220	3060	1500	2100	2340	2880	2280	1800	2460	2760	2408	2520	2160	2520	2640	2820	2220	2640	2760	2700	1740	2400	1860	2640	3480	1920	2940	2160	2400	2160	1920	3000	2880	2460	2700	2160	2220	1980	2700	2880	2880	2520	2220	2160	2763	2160	2280	2340	2340	2280	2400	2580	2100	2040	2580	3000	2400	2400	2340	3000	3000	2040	2160	2220	2580	2400	2100	2760	2760	2760	2400	3360	3060	2280	2520	2340	1920	1800	
additionalPoiTime-------------	0.0
algorithmTime-----------------	1.0803E8
serverTime--------------------	2.467E7
Total Transferred Metadata----	13001

Photo List Size: 4409
Gained Coverage %-------------	0.9990271291972426
Gained Redundancy %-----------	0.2725615577062348
Total Cluster Created---------	50
Total Transferred Photo-------	60637
Total Photo at Destination----	1725
Coverage Group----------------	1-30	31-60	61-90	91-120	121-150	151-180	181-210	211-240	241-270	271-300	301-330	331-360	
Coverage Distribution---------	0	0	0	0	0	0	0	0	0	0	0	100	
Ratio Group-------------------	.0	.1	.2	.3	.4	.5	.6	.7	.8	.9	1.0	
Coverage Ratio----------------	0	0	0	0	0	0	0	0	0	0	100	
Redundant Ratio---------------	0	8	34	14	20	17	6	1	0	0	0	
NumberOfPoint Group-----------	0	1	2	3	4	5	
NumOfPoint Distribution-------	0	0	7	15	14	14	
SD Group----------------------	0-1	1-2	2-3	3-4	4-5	5-6	6-7	7-8	8-9	9-10	10-11	
SD Distribution---------------	50	0	0	0	2	5	8	4	11	11	9	
Half Coverage Group-----------	0-33750	33750-67500	67500-101250	101250-135000	135000-168750	168750-202500	202500-236250	236250-270000	270000-303750	303750-337500	337500-371250	
Half Cvg Time Distribution----	100	0	0	0	0	0	0	0	0	0	0	
Transferred Photo Group-------	0-33750	33750-67500	67500-101250	101250-135000	135000-168750	168750-202500	202500-236250	236250-270000	270000-303750	303750-337500	337500-371250	
Photo Time Distribution-------	76680	62852	24329	696	49475	4552	6273	3787	93	1110	0	

Cvg&Red Distribution----------	0.0	2.0	33750.0	67500.0	135000.0	270000.0	168750.0	337500.0	101250.0	202500.0	303750.0	236250.0	
Average PhotoNum--------------	49.53932584269663	49.53932584269663	76.62921348314607	90.73033707865169	93.29213483146067	97.26966292134831	96.70786516853933	97.26966292134831	93.34831460674157	96.74157303370787	97.26966292134831	96.86516853932584	
Nodes Above Average-----------	46	46	52	74	74	85	82	85	74	82	85	83	
Nodes Below Average-----------	43	43	37	15	15	4	7	4	15	7	4	6	

Average Coverage--------------	2850.7303370786517	2850.7303370786517	4264.730337078651	4993.101123595506	5125.146067415731	5331.123595505618	5302.067415730337	5330.573033707865	5128.471910112359	5303.438202247191	5331.123595505618	5309.3258426966295	
Nodes Above Average-----------	46	46	53	74	74	72	72	72	74	72	72	71	
Nodes Below Average-----------	43	43	36	15	15	17	17	17	15	17	17	18	
Photos Above Average----------	60	60	97	99	99	99	99	99	99	99	99	99	
Photos Below Average----------	38	38	45	48	63	86	83	86	63	83	86	84	
Network Coverage--------------	35953	35953	35928	35928	35928	35926	35926	35926	35928	35926	35926	35926	

Average Redundancy------------	121.62921348314607	121.62921348314607	333.02247191011236	450.7191011235955	472.3820224719101	505.0561797752809	500.40449438202245	505.60674157303373	472.4269662921348	501.0561797752809	505.0561797752809	502.5842696629214	
Nodes Above Average-----------	37	37	48	51	48	46	47	46	48	47	46	46	
Nodes Below Average-----------	52	52	41	38	41	43	42	43	41	42	43	43	
Photos Above Average----------	58	58	97	99	99	99	99	99	99	99	99	99	
Photos Below Average----------	43	43	52	78	86	94	93	94	86	93	94	93	
Network Redundancy------------	228587	228587	373272	448572	462252	483494	480494	483494	462552	480674	483494	481334	

