Message stats for scenario S_9-Photo_5000-Scenario_8-ActualPOI_50
sim_time: 337500.0000

Photo List Size: 4335
coverageValue-----------------	360	360	360	360	360	360	326	360	355	360	360	360	360	360	360	360	360	360	360	360	360	360	360	360	360	360	360	360	360	360	360	360	360	360	360	360	360	360	360	360	360	360	360	360	360	360	360	360	360	360	360	360	360	360	360	360	360	360	360	360	360	360	360	360	360	360	360	360	360	360	360	360	357	360	360	360	360	360	360	360	360	360	359	360	360	360	360	360	360	360	360	360	360	360	360	360	360	360	360	360	
redundantCoverageValue--------	1620	2460	2400	1500	1800	1620	1054	1680	1625	1680	2040	2340	1980	1740	2340	1740	2700	2040	2160	1980	2160	1560	2100	2340	2100	2100	1920	2280	2760	1860	2100	2520	2460	2700	2640	1800	1800	1860	2580	2340	2460	2220	2220	2280	2040	2220	2160	1740	1860	1920	1980	2280	1920	2040	2340	2100	1740	1860	2040	3060	2340	2040	1680	1620	2400	1800	2520	2280	1380	1680	2580	2460	1683	2340	2040	2460	2820	2220	2520	1680	2460	2040	1501	2340	2580	1980	1680	1800	1680	2100	2580	1740	1620	1920	1980	2520	2340	2160	1980	2220	
halfCoverageTime--------------	3751.0	2176.0	1850.0	2714.0	3618.0	2434.0	3110.0	2230.0	2355.0	2250.0	1468.0	2949.0	3630.0	3278.0	1862.0	2392.0	2062.0	2146.0	2542.0	1630.0	2344.0	4592.0	4074.0	1732.0	2525.0	4884.0	2304.0	2013.0	1940.0	4400.0	2110.0	2318.0	1872.0	2082.0	1684.0	2300.0	2104.0	2668.0	2610.0	1893.0	3142.0	3504.0	2250.0	1928.0	2698.0	3214.0	2920.0	3364.0	3782.0	3551.0	2286.0	3692.0	3012.0	2170.0	3092.0	1922.0	656.0	3071.0	3352.0	2170.0	2092.0	1842.0	7063.0	2652.0	4494.0	6011.0	2616.0	4526.0	6131.0	2125.0	3594.0	5640.0	3220.0	1916.0	4520.0	1888.0	3530.0	3164.0	2536.0	1474.0	1934.0	6174.0	7498.0	2120.0	1462.0	2235.0	5752.0	4336.0	2440.0	2255.0	2959.0	6404.0	4376.0	642.0	2240.0	1624.0	660.0	1832.0	2692.0	2040.0	
numberOfPoint-----------------	1	1	1	1	1	1	1	1	1	1	1	1	1	1	1	1	1	1	1	1	1	1	1	1	1	1	1	1	1	1	1	1	1	1	1	1	1	1	1	1	1	1	1	1	1	1	1	1	1	1	4	3	4	3	3	4	3	4	3	5	4	3	2	2	3	3	4	4	3	3	4	4	2	3	3	3	3	3	3	2	2	5	3	3	3	2	4	4	1	2	3	4	3	3	2	4	3	4	3	3	
standardDeviation-------------	.0	.0	.0	.0	.0	.0	.0	.0	.0	.0	.0	.0	.0	.0	.0	.0	.0	.0	.0	.0	.0	.0	.0	.0	.0	.0	.0	.0	.0	.0	.0	.0	.0	.0	.0	.0	.0	.0	.0	.0	.0	.0	.0	.0	.0	.0	.0	.0	.0	.0	8.35	8.16	7.87	10.66	9.16	9.76	7.73	8.97	9.35	8.89	9.01	8.2	5.4	5.35	7.14	6.94	7.35	8.82	6.78	7.2	8.57	10.15	8.24	8.95	6.99	7.06	6.29	8.61	7.42	6.42	5.98	10.54	8.59	7.98	6.46	4.86	8.74	7.75	1.4	5.07	7.18	8.33	7.29	7.69	5.42	7.81	6.49	7.36	7.22	7.11	
initialCoverageValue----------	360	360	360	360	360	360	360	360	360	360	360	360	360	360	360	360	360	360	360	360	360	360	360	360	360	360	360	360	360	360	360	360	360	360	360	360	360	360	360	360	360	360	360	360	360	360	360	360	360	360	360	360	360	360	360	360	360	360	360	360	360	360	360	360	360	360	360	360	360	360	360	360	360	360	360	360	360	360	360	360	360	360	360	360	360	360	360	360	360	360	360	360	360	360	360	360	360	360	360	360	
initialRedundantCoverageValue-	1980	2640	2700	1980	1980	1980	1500	1980	1860	1800	2400	2820	2400	1920	2700	1800	3300	2460	2460	2340	2520	1860	2400	2760	2580	2520	2280	2520	2880	2160	2880	2880	2700	3000	2880	2280	2280	2280	2820	2640	2700	2460	2460	2580	2340	2700	2760	1980	2160	2220	2520	2880	2520	2160	2760	2520	1920	2220	2160	3360	2640	2520	2100	2280	2940	2220	2940	2820	1680	2160	2940	3120	2100	2700	2340	2760	3120	2640	2940	2220	2700	2280	1620	2700	2760	2220	2100	1980	1920	2340	2880	1920	2220	2100	2520	2880	2580	2460	2100	2580	
additionalPoiTime-------------	1260000.0
algorithmTime-----------------	9.1299936905472E10
serverTime--------------------	8030000.0
Total Transferred Metadata----	7666

Photo List Size: 4335
Gained Coverage %-------------	0.9988055555555555
Gained Redundancy %-----------	0.8570378582573704
Total Cluster Created---------	0
Total Transferred Photo-------	121094
Total Photo at Destination----	4443
Coverage Group----------------	1-30	31-60	61-90	91-120	121-150	151-180	181-210	211-240	241-270	271-300	301-330	331-360	
Coverage Distribution---------	0	0	0	0	0	0	0	0	0	0	1	99	
Ratio Group-------------------	.0	.1	.2	.3	.4	.5	.6	.7	.8	.9	1.0	
Coverage Ratio----------------	0	0	0	0	0	0	0	0	0	0	100	
Redundant Ratio---------------	0	0	0	0	0	0	0	0	17	57	26	
NumberOfPoint Group-----------	0	1	2	3	4	5	
NumOfPoint Distribution-------	0	1	8	25	14	2	
SD Group----------------------	0-1	1-2	2-3	3-4	4-5	5-6	6-7	7-8	8-9	9-10	10-11	
SD Distribution---------------	50	1	0	0	1	5	7	16	13	4	3	
Half Coverage Group-----------	0-33750	33750-67500	67500-101250	101250-135000	135000-168750	168750-202500	202500-236250	236250-270000	270000-303750	303750-337500	337500-371250	
Half Cvg Time Distribution----	100	0	0	0	0	0	0	0	0	0	0	
Transferred Photo Group-------	0-33750	33750-67500	67500-101250	101250-135000	135000-168750	168750-202500	202500-236250	236250-270000	270000-303750	303750-337500	337500-371250	
Photo Time Distribution-------	110644	95956	41663	4598	78788	7109	13797	9031	1007	5337	0	

Cvg&Red Distribution----------	0.0	2.0	33750.0	67500.0	135000.0	270000.0	168750.0	337500.0	101250.0	202500.0	303750.0	236250.0	
Average PhotoNum--------------	49.53932584269663	49.53932584269663	93.07865168539325	99.4494382022472	99.52808988764045	100.0	100.0	100.0	99.52808988764045	100.0	100.0	100.0	
Nodes Above Average-----------	46	46	76	85	86	0	0	0	86	0	0	0	
Nodes Below Average-----------	43	43	13	4	3	89	89	89	3	89	89	89	

Average Coverage--------------	2844.0224719101125	2844.0224719101125	5069.426966292135	5376.7191011235955	5370.3258426966295	5412.5842696629215	5400.786516853933	5421.359550561798	5363.573033707865	5414.426966292135	5418.471910112359	5415.516853932584	
Nodes Above Average-----------	43	43	75	51	49	48	48	48	51	42	47	46	
Nodes Below Average-----------	46	46	14	38	40	41	41	41	38	47	42	43	
Photos Above Average----------	60	60	99	100	99	100	100	100	99	100	100	100	
Photos Below Average----------	39	39	56	98	98	100	100	100	98	100	100	100	
Network Coverage--------------	35968	35968	35968	35968	35968	35968	35968	35968	35968	35968	35968	35968	

Average Redundancy------------	128.3370786516854	128.3370786516854	515.2921348314607	590.2471910112359	601.3595505617977	587.4157303370787	599.2134831460675	578.6404494382023	608.1123595505618	585.5730337078652	581.5280898876405	584.4831460674158	
Nodes Above Average-----------	45	45	49	41	45	41	41	41	42	47	42	43	
Nodes Below Average-----------	44	44	40	48	44	48	48	48	47	42	47	46	
Photos Above Average----------	56	56	99	99	99	100	100	100	99	100	100	100	
Photos Below Average----------	41	41	84	99	99	100	100	100	99	100	100	100	
Network Redundancy------------	228572	228572	461072	495092	495512	498032	498032	498032	495512	498032	498032	498032	

