Message stats for scenario K_2-Photo_5000-Scenario_6-ActualPOI_50
sim_time: 31622400.0000

Photo List Size: 651
coverageValue-----------------	262	60	152	291	177	232	226	221	197	302	141	271	204	257	206	242	282	294	259	276	312	231	236	300	232	288	244	214	309	247	323	333	310	225	270	277	304	187	257	226	273	276	120	301	232	280	255	292	160	190	111	260	60	228	239	266	215	276	225	289	292	120	307	295	66	230	228	298	208	323	189	252	198	219	239	234	145	275	225	279	288	305	188	145	285	165	213	316	155	197	320	60	120	86	164	202	239	120	340	326	
redundantCoverageValue--------	158	0	148	129	123	68	194	319	43	418	99	149	96	223	34	118	198	186	161	144	168	249	64	60	188	372	176	146	171	233	217	87	290	75	210	203	236	53	163	74	147	144	0	119	68	200	105	248	20	50	9	100	0	192	181	34	85	264	135	371	128	0	173	125	54	130	192	302	92	397	171	288	162	21	181	246	155	85	135	21	132	295	52	95	195	15	327	344	85	283	340	0	0	34	76	98	421	0	320	214	
halfCoverageTime--------------	14319500.0	.0	.0	13287572.0	.0	13201574.0	12566021.0	12613398.0	20347952.0	12592202.0	.0	19748324.0	19664388.0	11280791.0	20344816.0	20345778.0	4804341.0	12565382.0	12665968.0	15535562.0	4023358.0	28384886.0	13227666.0	13203730.0	16050802.0	4013696.0	20344810.0	12651420.0	1261020.0	4023252.0	13227654.0	19663962.0	3951056.0	13201562.0	757830.0	757836.0	147338.0	14319528.0	13267044.0	11280746.0	17846488.0	12566644.0	.0	12581040.0	15535556.0	11797922.0	12651482.0	12565170.0	.0	28384892.0	.0	14319582.0	.0	4013802.0	11280801.0	12566108.0	16050790.0	11280780.0	4013772.0	12613096.0	11797912.0	.0	490406.0	12651492.0	.0	11280817.0	12613386.0	4013784.0	11527392.0	12565116.0	14319470.0	14323155.0	12651540.0	.0	4023317.0	147814.0	.0	11797928.0	19664376.0	19698224.0	16050808.0	11280806.0	13203735.0	.0	4014594.0	.0	4023376.0	12651448.0	.0	12651550.0	147424.0	.0	.0	.0	.0	13278384.0	4013718.0	.0	4023288.0	4804352.0	
numberOfPoint-----------------	1	1	1	1	1	1	1	1	1	1	1	1	1	1	1	1	1	1	1	1	1	1	1	1	1	1	1	1	1	1	1	1	1	1	1	1	1	1	1	1	1	1	1	1	1	1	1	1	1	1	0	1	0	1	1	2	2	2	2	1	1	1	1	1	0	2	1	1	1	1	1	2	1	1	2	2	2	1	1	2	1	2	1	2	2	1	1	2	1	1	1	0	0	0	1	1	3	1	1	3	
standardDeviation-------------	.0	.0	.0	.0	.0	.0	.0	.0	.0	.0	.0	.0	.0	.0	.0	.0	.0	.0	.0	.0	.0	.0	.0	.0	.0	.0	.0	.0	.0	.0	.0	.0	.0	.0	.0	.0	.0	.0	.0	.0	.0	.0	.0	.0	.0	.0	.0	.0	.0	.0	.0	2.64	.0	3.35	3.18	7.1	7.17	5.63	11.14	6.76	4.67	7.05	3.2	6.77	.0	9.89	2.0	3.64	6.14	1.79	5.02	6.96	8.22	3.09	4.61	10.25	7.76	3.02	1.8	9.43	7.15	8.97	2.83	6.69	7.9	5.33	3.3	9.92	8.05	1.84	5.77	.0	.0	.0	8.34	3.54	7.61	10.35	.67	8.01	
initialCoverageValue----------	360	360	360	360	360	360	360	360	360	360	360	360	360	360	360	360	360	360	360	360	360	360	360	360	360	360	360	360	360	360	360	360	360	360	360	360	360	360	360	360	360	360	360	360	360	360	360	360	360	360	360	360	360	360	360	360	360	360	360	360	360	360	360	360	360	360	360	360	360	360	360	360	360	360	360	360	360	360	360	360	360	360	360	360	360	360	360	360	360	360	360	360	360	360	360	360	360	360	360	360	
initialRedundantCoverageValue-	1560	1560	2160	2280	2760	2580	2160	2280	2520	3780	2700	3240	2700	3240	2460	2880	2100	2340	2640	2940	2040	2280	2460	2880	2700	2400	2460	2040	1860	2040	2760	2700	2340	2820	2280	2880	2160	2280	1680	2520	2640	2100	2340	2400	1980	2520	1500	2220	1800	2160	2220	2520	1680	2880	2280	2700	1800	2520	2700	2640	2160	3060	3600	1980	1740	2940	2580	2580	2940	3120	2640	2520	2640	2280	2880	2640	1860	2040	2820	1740	2820	3120	2400	2460	3120	2760	1980	2280	2520	2040	2340	2100	1920	1740	2100	2820	2640	1860	2760	2340	
additionalPoiTime-------------	93600.6
algorithmTime-----------------	9.814802915E8
serverTime--------------------	951606.1
Total Transferred Metadata----	8243

Photo List Size: 651
Gained Coverage %-------------	0.6466944444444445
Gained Redundancy %-----------	0.06297439697044538
Total Cluster Created---------	0
Total Transferred Photo-------	6574
Total Photo at Destination----	651
Coverage Group----------------	1-30	31-60	61-90	91-120	121-150	151-180	181-210	211-240	241-270	271-300	301-330	331-360	
Coverage Distribution---------	0	3	2	5	3	6	11	22	12	21	13	2	
Ratio Group-------------------	.0	.1	.2	.3	.4	.5	.6	.7	.8	.9	1.0	
Coverage Ratio----------------	0	0	4	1	6	8	14	23	21	20	3	
Redundant Ratio---------------	7	73	20	0	0	0	0	0	0	0	0	
NumberOfPoint Group-----------	0	1	2	3	
NumOfPoint Distribution-------	6	28	14	2	
SD Group----------------------	0-1	1-2	2-3	3-4	4-5	5-6	6-7	7-8	8-9	9-10	10-11	11-12	
SD Distribution---------------	57	3	3	8	2	4	5	7	5	3	2	1	
Half Coverage Group-----------	0-3162240	3162240-6324480	6324480-9486720	9486720-12648960	12648960-15811200	15811200-18973440	18973440-22135680	22135680-25297920	25297920-28460160	28460160-31622400	31622400-34784640	
Half Cvg Time Distribution----	7	14	0	21	23	4	9	0	2	0	0	
Transferred Photo Group-------	0-3162240	3162240-6324480	6324480-9486720	9486720-12648960	12648960-15811200	15811200-18973440	18973440-22135680	22135680-25297920	25297920-28460160	28460160-31622400	31622400-34784640	
Photo Time Distribution-------	2092	2047	761	2070	5168	1436	2227	935	242	2960	0	

Cvg&Red Distribution----------	2.0	9486720.0	1.897344E7	2.846016E7	3162240.0	6324480.0	1.264896E7	2.529792E7	2.213568E7	1.58112E7	3.16224E7	
Average PhotoNum--------------	20.555066079295155	24.31718061674009	28.83259911894273	29.863436123348016	22.687224669603523	23.788546255506606	25.53303964757709	29.823788546255507	29.7136563876652	28.621145374449338	31.823788546255507	
Nodes Above Average-----------	118	89	73	69	103	97	85	68	67	72	62	
Nodes Below Average-----------	109	138	154	158	124	130	142	159	160	155	165	

Average Coverage--------------	1209.1453744493392	1418.4845814977973	1670.444933920705	1728.0660792951542	1328.3700440528635	1389.0837004405287	1487.0	1725.8942731277532	1719.4008810572686	1658.863436123348	1834.3215859030836	
Nodes Above Average-----------	117	95	75	69	102	96	85	68	67	75	64	
Nodes Below Average-----------	110	132	152	158	125	131	142	159	160	152	163	
Photos Above Average----------	26	36	51	55	31	34	40	56	56	50	63	
Photos Below Average----------	14	15	17	18	15	15	16	18	18	17	19	
Network Coverage--------------	35993	35990	35990	35990	35993	35993	35990	35990	35990	35990	35990	

Average Redundancy------------	24.158590308370044	40.54625550660793	59.51101321585903	63.74008810572687	32.863436123348016	38.22907488986784	44.98237885462555	63.53303964757709	63.418502202643175	58.40528634361233	75.10572687224669	
Nodes Above Average-----------	80	79	57	58	81	79	76	58	58	56	63	
Nodes Below Average-----------	147	148	170	169	146	148	151	169	169	171	164	
Photos Above Average----------	23	34	55	58	29	33	38	58	58	55	62	
Photos Below Average----------	18	18	19	20	18	18	18	20	19	19	20	
Network Redundancy------------	243967	295210	356710	370750	273007	288007	311770	370210	368710	353830	397450	

