Message stats for scenario K_2-Photo_5000-Scenario_4-ActualPOI_50
sim_time: 31622400.0000

Photo List Size: 10372
coverageValue-----------------	265	281	230	300	195	254	244	324	285	211	268	311	166	228	302	286	326	314	276	191	255	231	288	235	348	339	334	257	319	254	285	213	299	295	255	341	238	298	223	289	259	241	253	120	230	306	200	295	226	297	224	130	148	275	239	277	277	254	120	235	205	164	120	84	236	214	158	224	224	260	136	165	276	120	248	261	186	293	197	252	216	223	233	163	186	209	274	263	226	216	241	189	245	340	225	120	166	216	242	288	
redundantCoverageValue--------	35	199	130	180	45	166	56	336	135	29	152	109	14	72	238	74	214	166	144	169	45	189	72	65	132	201	86	103	161	46	195	87	121	185	165	79	242	182	77	191	281	119	167	0	10	54	40	125	74	183	256	50	92	85	61	383	143	106	0	125	35	76	0	36	64	86	82	136	136	220	44	75	144	0	232	99	174	7	103	168	144	77	67	77	294	91	86	97	74	204	119	51	55	200	75	0	14	84	118	132	
halfCoverageTime--------------	13227660.0	11280806.0	20344774.0	13267044.0	14141284.0	13267072.0	13225148.0	12651482.0	3951095.0	19664410.0	12566036.0	16050755.0	.0	4014746.0	12651430.0	12651504.0	3950210.0	11791586.0	1241036.0	29932610.0	20344822.0	12651420.0	14141296.0	19664382.0	12651454.0	12651498.0	4804358.0	19708280.0	4014611.0	20347952.0	16050745.0	20345796.0	4804346.0	12574274.0	14319502.0	12565388.0	3951085.0	12566031.0	12574292.0	11280751.0	4013713.0	20344816.0	14323155.0	.0	12581046.0	20345808.0	29663326.0	4014558.0	29426830.0	4293008.0	12565176.0	.0	.0	11280768.0	14343345.0	3951044.0	3951090.0	14323166.0	.0	12566108.0	4293030.0	.0	.0	.0	14319470.0	29431426.0	.0	11451294.0	16050750.0	3951100.0	.0	.0	14319426.0	.0	12581016.0	17846454.0	14319476.0	12565110.0	29617270.0	15627716.0	13511458.0	382444.0	4014622.0	.0	13267054.0	20515150.0	13202206.0	1241048.0	13267060.0	12574304.0	11451300.0	15627698.0	13607026.0	3949508.0	757814.0	.0	.0	29426848.0	17846448.0	4013588.0	
numberOfPoint-----------------	1	1	1	1	1	1	1	1	1	1	1	1	1	1	1	1	1	1	1	1	1	1	1	1	1	1	1	1	1	1	1	1	1	1	1	1	1	1	1	1	1	1	1	1	1	1	1	1	1	1	3	0	9	2	2	2	4	6	2	1	3	2	1	2	7	3	2	4	3	3	2	1	2	4	4	2	3	3	2	5	2	3	1	3	8	4	1	2	5	1	3	2	3	2	12	4	4	3	1	2	
standardDeviation-------------	.0	.0	.0	.0	.0	.0	.0	.0	.0	.0	.0	.0	.0	.0	.0	.0	.0	.0	.0	.0	.0	.0	.0	.0	.0	.0	.0	.0	.0	.0	.0	.0	.0	.0	.0	.0	.0	.0	.0	.0	.0	.0	.0	.0	.0	.0	.0	.0	.0	.0	6.6	.0	7.83	6.34	8.05	4.95	7.05	7.24	9.4	1.17	9.56	8.37	5.44	9.23	7.05	6.95	4.41	7.53	7.12	7.21	7.81	6.81	6.12	8.1	6.35	6.84	6.09	7.39	5.38	8.43	9.38	6.64	1.84	9.52	8.4	7.96	7.14	5.48	6.54	2.25	7.33	8.61	7.89	8.14	7.43	5.94	5.88	7.52	5.32	6.95	
initialCoverageValue----------	360	360	360	360	360	360	360	360	360	360	360	360	360	360	360	360	360	360	360	360	360	360	360	360	360	360	360	360	360	360	360	360	360	360	360	360	360	360	360	360	360	360	360	360	360	360	360	360	360	360	360	360	360	360	360	360	360	360	358	360	360	360	360	360	360	360	360	360	360	360	360	360	360	360	360	360	360	360	360	360	360	360	360	360	360	360	360	360	360	360	360	360	360	360	360	360	360	360	360	360	
initialRedundantCoverageValue-	2280	3300	1800	2160	1680	2460	2580	2520	3060	1980	1920	3000	2400	2820	1740	2640	2520	2760	2640	2580	2760	2280	1920	2460	2280	2520	3060	2400	2400	2760	2460	2700	1620	2160	2100	2280	2340	1920	1920	2280	3060	1920	2460	1920	2400	3120	2880	2880	2400	2280	3240	2460	2520	2880	2040	3420	2040	2580	1682	2160	2160	2640	1920	2280	2280	2700	2040	2400	2700	2820	2040	2340	2400	2760	2460	2520	2100	2580	2580	2220	2160	2880	2340	2580	2640	2220	2640	2400	1980	2580	1980	2760	2040	2640	2280	2760	2460	2340	2160	2640	
additionalPoiTime-------------	9.371604074E8
algorithmTime-----------------	8.24465285E7
serverTime--------------------	2.08261335E7
Total Transferred Metadata----	15087

Photo List Size: 10372
Gained Coverage %-------------	0.6656758708817156
Gained Redundancy %-----------	0.0479601357432438
Total Cluster Created---------	52
Total Transferred Photo-------	1928
Total Photo at Destination----	596
Coverage Group----------------	1-30	31-60	61-90	91-120	121-150	151-180	181-210	211-240	241-270	271-300	301-330	331-360	
Coverage Distribution---------	0	0	1	5	3	6	9	24	20	20	7	5	
Ratio Group-------------------	.0	.1	.2	.3	.4	.5	.6	.7	.8	.9	1.0	
Coverage Ratio----------------	0	0	0	1	7	7	15	25	25	14	6	
Redundant Ratio---------------	5	90	5	0	0	0	0	0	0	0	0	
NumberOfPoint Group-----------	0	1	2	3	4	5	6	7	8	9	10	11	12	
NumOfPoint Distribution-------	1	7	16	12	7	2	1	1	1	1	0	0	1	
SD Group----------------------	0-1	1-2	2-3	3-4	4-5	5-6	6-7	7-8	8-9	9-10	
SD Distribution---------------	51	2	1	0	2	6	11	15	7	5	
Half Coverage Group-----------	0-3162240	3162240-6324480	6324480-9486720	9486720-12648960	12648960-15811200	15811200-18973440	18973440-22135680	22135680-25297920	25297920-28460160	28460160-31622400	31622400-34784640	
Half Cvg Time Distribution----	4	17	0	17	26	5	10	0	0	6	0	
Transferred Photo Group-------	0-3162240	3162240-6324480	6324480-9486720	9486720-12648960	12648960-15811200	15811200-18973440	18973440-22135680	22135680-25297920	25297920-28460160	28460160-31622400	31622400-34784640	
Photo Time Distribution-------	3420	950	467	1798	1977	449	592	356	228	676	0	

Cvg&Red Distribution----------	2.0	9486720.0	1.897344E7	2.846016E7	3162240.0	6324480.0	1.264896E7	2.529792E7	2.213568E7	1.58112E7	3.16224E7	
Average PhotoNum--------------	20.555066079295155	21.568281938325992	23.01762114537445	23.46696035242291	20.969162995594715	21.348017621145374	22.484581497797357	23.43612334801762	23.251101321585903	22.801762114537446	24.035242290748897	
Nodes Above Average-----------	118	110	94	96	120	109	104	96	95	105	90	
Nodes Below Average-----------	109	117	133	131	107	118	123	131	132	122	137	

Average Coverage--------------	1214.308370044053	1270.6519823788547	1349.4625550660794	1374.0837004405287	1236.8854625550662	1258.374449339207	1319.828193832599	1372.1189427312775	1362.3656387665199	1338.374449339207	1405.171806167401	
Nodes Above Average-----------	115	107	99	100	116	112	108	101	100	100	97	
Nodes Below Average-----------	112	120	128	127	111	115	119	126	127	127	130	
Photos Above Average----------	26	29	32	33	27	28	31	33	33	32	35	
Photos Below Average----------	14	14	15	15	14	14	14	15	15	15	15	
Network Coverage--------------	35995	35995	35995	35995	35995	35995	35995	35995	35995	35995	35995	

Average Redundancy------------	18.995594713656388	23.444933920704845	31.594713656387665	33.93392070484582	21.26431718061674	22.506607929515418	29.24669603524229	34.048458149779734	32.70044052863436	29.73127753303965	36.94273127753304	
Nodes Above Average-----------	83	82	74	75	84	82	77	74	74	80	73	
Nodes Below Average-----------	144	145	153	152	143	145	150	153	153	147	154	
Photos Above Average----------	24	27	31	32	25	26	30	32	32	30	34	
Photos Below Average----------	18	18	18	18	18	18	18	18	18	18	18	
Network Redundancy------------	243965	257765	277505	283625	249605	254765	270245	283205	280685	274565	291365	

