Message stats for scenario K_2-Photo_5000-Scenario_7-ActualPOI_50
sim_time: 31622400.0000

Photo List Size: 4642
coverageValue-----------------	246	269	338	289	138	298	221	312	219	237	281	244	120	180	211	236	167	307	184	149	273	200	120	287	311	214	211	239	307	253	226	194	177	260	225	178	228	259	120	240	177	174	208	274	147	224	180	214	250	120	240	183	269	214	166	343	304	167	215	93	298	181	299	230	213	315	193	292	238	212	159	290	195	315	175	236	270	293	334	314	251	230	316	224	219	186	163	346	302	311	318	171	179	221	241	233	342	184	232	272	
redundantCoverageValue--------	294	91	142	131	42	122	19	168	21	123	139	116	0	0	29	184	73	233	56	31	267	220	0	193	229	146	149	61	113	167	194	166	63	280	135	2	312	281	0	0	183	6	152	86	33	316	0	86	350	0	0	57	271	206	194	317	296	13	205	27	422	59	241	250	87	285	167	248	182	88	21	250	165	45	5	64	90	187	326	286	49	130	224	136	141	114	77	434	298	49	342	129	61	259	59	67	198	116	68	148	
halfCoverageTime--------------	13287578.0	4013736.0	3951105.0	20345838.0	.0	4804346.0	20345844.0	147338.0	20347952.0	13287572.0	4014594.0	11280710.0	.0	29932610.0	16050796.0	12566031.0	.0	13267072.0	29617280.0	.0	11797917.0	12651540.0	.0	4014628.0	12566108.0	19719468.0	12566102.0	12613090.0	13225148.0	20344780.0	19664454.0	20344774.0	.0	14319444.0	4804341.0	.0	14319562.0	4799231.0	.0	14319474.0	.0	.0	14343356.0	12592196.0	.0	19664415.0	29186218.0	14319502.0	11797912.0	.0	4013588.0	14319421.0	12565126.0	12566644.0	.0	4023148.0	4014542.0	.0	28384898.0	.0	3949536.0	15535538.0	12566048.0	15535562.0	1017662.0	757836.0	19664476.0	12565394.0	13203724.0	13201568.0	.0	4014640.0	13201562.0	13267054.0	.0	4013582.0	14319532.0	4023232.0	4013600.0	19664420.0	29431426.0	14319432.0	2026138.0	11280817.0	29433796.0	15535568.0	.0	490382.0	4013730.0	330526.0	3949520.0	.0	.0	12566036.0	3951056.0	15627716.0	12592212.0	29431438.0	13511468.0	4014558.0	
numberOfPoint-----------------	1	1	1	1	1	1	1	1	1	1	1	1	1	1	1	1	1	1	1	1	1	1	1	1	1	1	1	1	1	1	1	1	1	1	1	1	1	1	1	1	1	1	1	1	1	1	1	1	1	1	3	2	4	4	6	1	3	3	3	5	2	4	3	1	5	4	8	6	3	3	7	3	2	1	3	1	2	4	2	3	5	2	2	2	3	8	3	1	2	5	2	3	5	4	3	3	2	1	3	5	
standardDeviation-------------	.0	.0	.0	.0	.0	.0	.0	.0	.0	.0	.0	.0	.0	.0	.0	.0	.0	.0	.0	.0	.0	.0	.0	.0	.0	.0	.0	.0	.0	.0	.0	.0	.0	.0	.0	.0	.0	.0	.0	.0	.0	.0	.0	.0	.0	.0	.0	.0	.0	.0	5.62	5.19	6.09	7.34	7.88	.89	8.63	7.27	7.02	7.14	7.1	7.43	7.9	3.8	6.15	5.72	8.38	9.79	9.06	7.83	5.89	5.23	5.96	4.14	7.34	2.04	2.48	10.26	5.23	9.38	10.01	6.15	6.4	6.38	8.31	7.31	5.28	5.69	5.81	6.88	7.5	7.01	8.56	7.46	6.83	7.16	5.82	.42	7.44	5.72	
initialCoverageValue----------	360	360	360	360	360	360	360	360	360	360	360	360	360	360	360	360	360	360	360	360	360	360	360	360	360	360	360	360	360	360	360	360	360	360	360	360	360	360	345	360	360	360	360	360	360	360	360	360	360	360	360	360	360	360	360	360	360	360	360	360	360	360	360	360	360	360	360	360	360	360	360	360	360	360	360	360	360	360	360	360	360	360	360	360	360	360	360	360	360	360	360	360	360	360	360	360	360	360	360	360	
initialRedundantCoverageValue-	2700	2880	2700	2340	2580	2280	2820	2400	2820	2280	2520	2340	1740	2520	2040	1740	2100	2160	2220	2100	2640	2280	2220	3540	3060	2340	2460	2760	2220	3000	2220	3120	2640	2580	2160	2100	2460	2220	2175	1920	2640	3180	2460	2520	2040	3180	2820	2220	2580	2820	2400	2100	2580	2640	2040	2640	2580	2220	2700	2160	2460	2040	2280	2400	1800	2220	2460	2580	3060	2340	2280	2280	2040	2160	2280	3060	1740	2520	2820	2700	2520	2520	2640	1860	2460	2820	1800	2460	2640	2340	2160	2100	2520	2820	2100	1980	2580	2100	2760	2400	
additionalPoiTime-------------	9.417000365E8
algorithmTime-----------------	8.66117552E7
serverTime--------------------	9360060.0
Total Transferred Metadata----	15087

Photo List Size: 4642
Gained Coverage %-------------	0.6481311657635126
Gained Redundancy %-----------	0.05907865769602699
Total Cluster Created---------	50
Total Transferred Photo-------	1929
Total Photo at Destination----	632
Coverage Group----------------	1-30	31-60	61-90	91-120	121-150	151-180	181-210	211-240	241-270	271-300	301-330	331-360	
Coverage Distribution---------	0	0	0	5	3	14	10	28	11	12	12	5	
Ratio Group-------------------	.0	.1	.2	.3	.4	.5	.6	.7	.8	.9	1.0	
Coverage Ratio----------------	0	0	0	1	5	16	18	25	11	19	5	
Redundant Ratio---------------	8	71	21	0	0	0	0	0	0	0	0	
NumberOfPoint Group-----------	0	1	2	3	4	5	6	7	8	
NumOfPoint Distribution-------	0	6	11	16	6	6	2	1	2	
SD Group----------------------	0-1	1-2	2-3	3-4	4-5	5-6	6-7	7-8	8-9	9-10	10-11	
SD Distribution---------------	52	0	2	1	1	12	7	16	4	3	2	
Half Coverage Group-----------	0-3162240	3162240-6324480	6324480-9486720	9486720-12648960	12648960-15811200	15811200-18973440	18973440-22135680	22135680-25297920	25297920-28460160	28460160-31622400	31622400-34784640	
Half Cvg Time Distribution----	6	19	0	15	22	1	10	0	1	6	0	
Transferred Photo Group-------	0-3162240	3162240-6324480	6324480-9486720	9486720-12648960	12648960-15811200	15811200-18973440	18973440-22135680	22135680-25297920	25297920-28460160	28460160-31622400	31622400-34784640	
Photo Time Distribution-------	3148	971	447	1950	2355	490	814	410	251	806	0	

Cvg&Red Distribution----------	2.0	9486720.0	1.897344E7	2.846016E7	3162240.0	6324480.0	1.264896E7	2.529792E7	2.213568E7	1.58112E7	3.16224E7	
Average PhotoNum--------------	20.555066079295155	21.383259911894275	22.85022026431718	23.348017621145374	20.823788546255507	21.158590308370044	22.308370044052865	23.303964757709252	23.11894273127753	22.590308370044053	23.916299559471366	
Nodes Above Average-----------	118	107	106	99	117	106	102	99	98	105	102	
Nodes Below Average-----------	109	120	121	128	110	121	125	128	129	122	125	

Average Coverage--------------	1207.1277533039647	1252.0969162995596	1333.4140969162995	1361.2334801762115	1221.3656387665199	1239.1629955947137	1301.9515418502203	1358.9295154185022	1347.7004405286343	1318.9339207048458	1393.2511013215858	
Nodes Above Average-----------	118	116	104	101	116	116	106	102	104	109	94	
Nodes Below Average-----------	109	111	123	126	111	111	121	125	123	118	133	
Photos Above Average----------	26	28	32	33	27	27	30	33	32	31	35	
Photos Below Average----------	14	14	15	15	14	14	14	15	15	14	15	
Network Coverage--------------	35966	35966	35966	35966	35966	35966	35966	35966	35966	35966	35966	

Average Redundancy------------	26.176211453744493	30.898678414096917	37.59911894273128	39.647577092511014	28.061674008810574	30.352422907488986	36.55066079295154	39.308370044052865	39.436123348017624	36.48458149779736	41.72687224669603	
Nodes Above Average-----------	81	82	78	80	80	80	75	79	78	78	81	
Nodes Below Average-----------	146	145	149	147	147	147	152	148	149	149	146	
Photos Above Average----------	24	27	31	32	25	26	30	32	32	31	34	
Photos Below Average----------	18	17	18	18	18	18	18	18	18	18	18	
Network Redundancy------------	243994	255274	275254	282034	247654	252214	267874	281434	278914	271714	289774	

00	283860	281220	273840	292260	

