Message stats for scenario K_2-Photo_5000-Scenario_8-ActualPOI_50
sim_time: 31622400.0000

Photo List Size: 725
coverageValue-----------------	339	227	235	257	289	354	335	289	220	316	336	208	340	272	321	312	336	289	208	360	218	267	315	346	350	333	360	360	360	360	330	345	148	334	206	318	302	212	324	360	360	330	316	328	280	296	313	224	318	309	157	271	217	166	147	176	60	120	172	205	280	120	209	0	191	143	122	152	60	225	198	0	82	130	158	267	60	284	0	0	120	255	77	180	194	203	180	60	120	192	240	120	189	240	172	60	165	60	184	0	
redundantCoverageValue--------	381	193	185	283	311	426	265	431	320	344	204	152	560	328	339	348	384	311	212	360	202	333	225	434	370	327	540	600	480	480	270	735	32	686	214	342	778	388	396	540	600	390	404	392	440	124	407	376	282	531	83	89	23	14	33	4	0	0	8	35	80	0	31	0	169	37	178	28	0	15	42	0	38	50	82	33	0	136	0	0	0	105	43	0	106	37	0	0	0	48	120	0	51	0	128	0	15	0	116	0	
halfCoverageTime--------------	11791592.0	20345844.0	4013848.0	12565394.0	12592212.0	147321.0	138514.0	4013760.0	11791586.0	12592196.0	490394.0	13377554.0	3950210.0	1017674.0	1261472.0	13212904.0	13227660.0	3951090.0	19664676.0	12566650.0	12566060.0	11280746.0	4804358.0	757902.0	12566036.0	4014622.0	757984.0	4013766.0	4023282.0	757880.0	4799226.0	330544.0	.0	4013754.0	13084914.0	13202200.0	3951050.0	19708269.0	4014553.0	4023240.0	147494.0	4014542.0	4014606.0	12565121.0	4013772.0	13511486.0	4014611.0	12581034.0	14319444.0	12566048.0	.0	13267060.0	14319706.0	.0	.0	.0	.0	.0	.0	14319800.0	4799231.0	.0	12651420.0	.0	14319410.0	.0	.0	.0	.0	11280768.0	19748330.0	.0	.0	.0	.0	1261466.0	.0	1017668.0	.0	.0	.0	14319504.0	.0	12581052.0	19748306.0	15535568.0	19667104.0	.0	.0	4013887.0	14319528.0	.0	20515144.0	14319646.0	.0	.0	.0	.0	29663320.0	.0	
numberOfPoint-----------------	1	1	1	1	1	1	1	1	1	1	1	1	1	1	1	1	1	1	1	1	1	1	1	1	1	1	1	1	1	1	1	1	1	1	1	1	1	1	1	1	1	1	1	1	1	1	1	1	1	1	0	3	3	1	1	1	0	1	1	1	2	1	1	0	1	0	0	0	0	1	2	0	0	1	1	1	0	1	0	0	1	2	1	0	2	1	1	0	0	1	2	0	1	1	1	0	1	1	2	0	
standardDeviation-------------	.0	.0	.0	.0	.0	.0	.0	.0	.0	.0	.0	.0	.0	.0	.0	.0	.0	.0	.0	.0	.0	.0	.0	.0	.0	.0	.0	.0	.0	.0	.0	.0	.0	.0	.0	.0	.0	.0	.0	.0	.0	.0	.0	.0	.0	.0	.0	.0	.0	.0	.0	11.0	4.61	4.81	6.46	1.75	.0	3.62	7.14	4.88	8.47	9.9	9.77	.0	7.27	.0	.0	.0	.0	3.04	10.46	.0	.0	2.85	7.88	2.6	.0	4.24	.0	.0	7.75	10.54	3.21	.0	11.47	3.49	5.32	.0	.0	3.71	9.83	.0	9.01	3.3	3.42	.0	6.63	11.18	8.78	.0	
initialCoverageValue----------	360	360	360	360	360	360	360	360	360	360	360	360	360	360	360	360	360	360	360	360	360	360	360	360	360	360	360	360	360	360	360	360	360	360	360	360	360	360	360	360	360	360	360	360	360	360	360	360	360	360	360	360	360	360	360	360	360	360	360	360	360	360	356	360	360	360	360	360	360	360	360	360	360	360	360	360	360	360	360	358	360	360	360	360	360	360	360	360	360	360	360	360	360	360	360	360	360	360	360	360	
initialRedundantCoverageValue-	2820	2100	2460	2220	2340	2520	2820	2820	2580	2820	2040	2160	2520	2820	2400	2520	2880	2280	1920	2340	2700	3060	2220	2940	2580	2400	2460	2880	2700	2760	2460	2820	1680	3000	2580	2700	2820	2100	2460	2760	2400	2040	2220	2160	3240	2160	2580	2040	2220	2820	2820	2580	2580	2820	2340	2220	2460	1980	2700	2880	2340	2040	1564	2160	2640	2400	1920	3120	2160	1920	3000	2400	2460	1980	2880	2340	2700	2100	2460	2102	2040	2040	2160	2460	2820	2220	2280	2520	2880	2460	2400	2220	2580	2340	2160	1740	2640	2340	2520	2340	
additionalPoiTime-------------	483603.1
algorithmTime-----------------	8.9578564431152E10
serverTime--------------------	156001.0
Total Transferred Metadata----	7478

Photo List Size: 725
Gained Coverage %-------------	0.6236594988053564
Gained Redundancy %-----------	0.08436168559816164
Total Cluster Created---------	0
Total Transferred Photo-------	155265
Total Photo at Destination----	725
Coverage Group----------------	1-30	31-60	61-90	91-120	121-150	151-180	181-210	211-240	241-270	271-300	301-330	331-360	
Coverage Distribution---------	5	6	2	5	5	10	12	10	4	9	14	18	
Ratio Group-------------------	.0	.1	.2	.3	.4	.5	.6	.7	.8	.9	1.0	
Coverage Ratio----------------	5	0	6	2	8	12	13	9	9	15	21	
Redundant Ratio---------------	19	40	34	7	0	0	0	0	0	0	0	
NumberOfPoint Group-----------	0	1	2	3	
NumOfPoint Distribution-------	18	24	6	2	
SD Group----------------------	0-1	1-2	2-3	3-4	4-5	5-6	6-7	7-8	8-9	9-10	10-11	11-12	
SD Distribution---------------	68	1	2	7	4	1	2	4	2	4	2	3	
Half Coverage Group-----------	0-3162240	3162240-6324480	6324480-9486720	9486720-12648960	12648960-15811200	15811200-18973440	18973440-22135680	22135680-25297920	25297920-28460160	28460160-31622400	31622400-34784640	
Half Cvg Time Distribution----	12	19	0	14	16	0	7	0	0	1	0	
Transferred Photo Group-------	0-3162240	3162240-6324480	6324480-9486720	9486720-12648960	12648960-15811200	15811200-18973440	18973440-22135680	22135680-25297920	25297920-28460160	28460160-31622400	31622400-34784640	
Photo Time Distribution-------	74832	35886	31172	60573	78030	41608	29674	29094	17936	31859	0	

Cvg&Red Distribution----------	2.0	9486720.0	1.897344E7	2.846016E7	3162240.0	6324480.0	1.264896E7	2.529792E7	2.213568E7	1.58112E7	3.16224E7	
Average PhotoNum--------------	20.555066079295155	55.97356828193833	71.54625550660793	73.9295154185022	47.80616740088106	53.43171806167401	64.33480176211454	73.25550660792952	72.12334801762114	69.40528634361233	76.22907488986785	
Nodes Above Average-----------	118	140	196	205	110	131	172	201	197	190	213	
Nodes Below Average-----------	109	87	31	22	117	96	55	26	30	37	14	

Average Coverage--------------	1209.3656387665199	3073.8942731277534	3907.5770925110132	4035.0264317180618	2651.9074889867843	2938.4140969162995	3521.678414096916	4003.3480176211456	3935.0396475770926	3784.863436123348	4152.237885462555	
Nodes Above Average-----------	116	140	197	206	110	131	172	202	198	190	202	
Nodes Below Average-----------	111	87	30	21	117	96	55	25	29	37	25	
Photos Above Average----------	26	79	79	79	78	79	79	79	79	79	79	
Photos Below Average----------	14	18	16	14	19	18	16	19	18	15	46	
Network Coverage--------------	35980	35980	35980	35980	35980	35980	35980	35980	35980	35980	35980	

Average Redundancy------------	23.938325991189426	284.51982378854626	385.19823788546256	400.74449339207047	216.4625550660793	267.488986784141	338.40969162995594	391.98237885462555	392.3612334801762	379.4537444933921	421.50660792951544	
Nodes Above Average-----------	92	125	130	129	101	119	131	126	131	127	129	
Nodes Below Average-----------	135	102	97	98	126	108	96	101	96	100	98	
Photos Above Average----------	23	79	79	79	78	79	80	79	79	79	79	
Photos Below Average----------	18	26	60	66	22	24	42	65	61	56	71	
Network Redundancy------------	243980	726380	938480	970940	615140	691760	840260	961760	946340	909320	1002260	

