Message stats for scenario S_1-Photo_5000-Scenario_6-ActualPOI_50
sim_time: 160388470.0000

Photo List Size: 492
coverageValue-----------------	127	249	310	254	180	191	60	293	293	258	275	145	60	106	120	133	220	120	180	278	179	146	297	259	219	180	156	120	0	167	60	211	120	268	228	180	315	246	60	317	91	127	120	306	232	214	249	235	60	266	296	216	60	284	348	152	269	276	273	326	79	218	301	120	147	149	199	292	148	293	196	189	262	188	183	178	220	277	166	333	192	193	206	208	120	171	228	243	0	223	162	341	198	221	208	301	152	279	240	175	
redundantCoverageValue--------	53	51	170	226	0	169	0	187	187	102	145	95	0	14	0	47	140	0	0	142	61	94	63	101	81	0	84	0	0	13	0	149	0	152	192	0	105	174	0	343	29	53	0	114	68	26	111	5	0	454	64	84	0	136	192	148	151	324	207	154	41	22	119	0	33	91	281	68	32	127	44	111	158	172	177	2	140	143	134	207	108	47	94	92	0	9	72	117	0	137	78	259	42	79	152	119	28	21	0	5	
halfCoverageTime--------------	.0	33906583.0	32264422.0	32761783.0	64582531.0	63850004.0	.0	33906498.0	32008380.0	63507459.0	33384311.0	.0	.0	.0	.0	.0	32686193.0	.0	64582441.0	32159138.0	.0	.0	33384251.0	33384316.0	32008311.0	63849939.0	.0	.0	.0	.0	.0	32264267.0	.0	33384381.0	33384256.0	33906503.0	32159178.0	63271974.0	.0	32264357.0	.0	.0	.0	32264582.0	63507464.0	33178425.0	33906553.0	64582506.0	.0	32686198.0	32761726.0	63271969.0	.0	33298098.0	32264282.0	.0	33906573.0	63507535.0	32761752.0	32686123.0	.0	32264592.0	63507485.0	.0	.0	.0	32686188.0	33178415.0	.0	63704118.0	32264342.0	.0	32008336.0	33298113.0	64582491.0	.0	32686098.0	32761742.0	.0	32159203.0	64582416.0	63850024.0	33384346.0	63704188.0	.0	.0	33384461.0	32264382.0	.0	33384271.0	.0	32159158.0	33384291.0	64582391.0	33906578.0	32761716.0	.0	63507495.0	63849969.0	.0	
numberOfPoint-----------------	1	1	1	1	1	1	1	1	1	1	1	1	1	1	1	1	1	1	1	1	1	1	1	1	1	1	1	1	1	1	1	1	1	1	1	1	1	1	1	1	1	1	1	1	1	1	1	1	1	1	0	1	0	2	2	0	1	1	2	1	0	0	1	0	0	1	2	1	0	2	1	1	1	1	1	1	1	2	2	2	0	1	1	1	1	1	2	1	0	1	1	2	1	2	1	1	1	0	1	0	
standardDeviation-------------	.0	.0	.0	.0	.0	.0	.0	.0	.0	.0	.0	.0	.0	.0	.0	.0	.0	.0	.0	.0	.0	.0	.0	.0	.0	.0	.0	.0	.0	.0	.0	.0	.0	.0	.0	.0	.0	.0	.0	.0	.0	.0	.0	.0	.0	.0	.0	.0	.0	.0	.0	4.03	.0	4.8	7.66	.0	6.34	2.28	10.32	5.16	.0	.0	1.6	.0	.0	8.3	7.27	7.62	.0	6.32	6.47	7.26	2.3	4.87	6.02	7.38	1.75	6.44	10.93	6.82	.0	7.24	3.52	.45	7.0	6.04	6.24	6.72	.0	6.3	6.72	9.78	7.69	9.05	1.61	.41	5.92	.0	6.01	.0	
initialCoverageValue----------	360	360	360	360	360	360	360	360	360	360	360	360	360	360	360	360	360	360	360	360	360	360	360	360	360	360	360	360	360	360	360	360	360	360	360	360	360	360	360	360	360	360	360	360	360	360	360	360	360	360	360	360	360	360	360	360	360	360	360	360	360	360	360	360	360	360	360	360	360	360	360	360	360	360	360	360	360	360	360	360	360	360	360	360	360	360	360	360	360	360	360	360	360	360	360	360	360	360	360	360	
initialRedundantCoverageValue-	2460	2400	2520	3240	2460	2220	2220	3300	2940	2580	2520	2880	2040	2760	2280	2400	2280	2040	1740	2400	1920	3420	2580	2400	3000	1740	2160	2460	1740	2460	2700	2340	2040	2340	2760	2400	1980	2160	2520	2460	2160	2520	2040	2820	2580	2880	2520	2340	2040	2700	2460	1860	2340	2040	2760	2340	2520	3360	3060	2340	2100	1800	1800	2100	2460	2160	2520	2220	2160	2640	2520	2580	2700	2400	2760	2220	2880	2400	2280	2520	2460	2160	2460	2940	2280	2100	2520	3120	2220	2640	1740	2820	2820	2700	2400	2880	2460	2520	2340	1920	
additionalPoiTime-------------	31200.2
algorithmTime-----------------	9.06677812E7
serverTime--------------------	530403.4
Total Transferred Metadata----	2868

Photo List Size: 492
Gained Coverage %-------------	0.5605277777777777
Gained Redundancy %-----------	0.03784371665435443
Total Cluster Created---------	0
Total Transferred Photo-------	3271
Total Photo at Destination----	492
Coverage Group----------------	1-30	31-60	61-90	91-120	121-150	151-180	181-210	211-240	241-270	271-300	301-330	331-360	
Coverage Distribution---------	2	6	1	9	8	14	12	14	11	13	7	3	
Ratio Group-------------------	.0	.1	.2	.3	.4	.5	.6	.7	.8	.9	1.0	
Coverage Ratio----------------	2	0	6	3	10	19	15	15	14	12	4	
Redundant Ratio---------------	20	77	3	0	0	0	0	0	0	0	0	
NumberOfPoint Group-----------	0	1	2	
NumOfPoint Distribution-------	12	27	11	
SD Group----------------------	0-1	1-2	2-3	3-4	4-5	5-6	6-7	7-8	8-9	9-10	10-11	
SD Distribution---------------	64	3	2	1	3	2	12	8	1	2	2	
Half Coverage Group-----------	0-16038847	16038847-32077694	32077694-48116541	48116541-64155388	64155388-80194235	80194235-96233082	96233082-112271929	112271929-128310776	128310776-144349623	144349623-160388470	160388470-176427317	
Half Cvg Time Distribution----	0	3	41	13	6	0	0	0	0	0	0	
Transferred Photo Group-------	0-16038847	16038847-32077694	32077694-48116541	48116541-64155388	64155388-80194235	80194235-96233082	96233082-112271929	112271929-128310776	128310776-144349623	144349623-160388470	160388470-176427317	
Photo Time Distribution-------	115	2017	4401	1553	1147	27	0	29	26	0	0	

Cvg&Red Distribution----------	0.0	2.0	3.2077694E7	6.4155388E7	1.28310776E8	1.6038847E8	9.6233082E7	
Average PhotoNum--------------	26.718232044198896	26.718232044198896	27.29281767955801	29.29281767955801	29.723756906077348	29.723756906077348	29.723756906077348	
Nodes Above Average-----------	103	103	96	84	86	86	86	
Nodes Below Average-----------	78	78	85	97	95	95	95	

Average Coverage--------------	1561.1436464088397	1561.1436464088397	1593.707182320442	1704.0828729281768	1727.9392265193371	1727.9392265193371	1727.9392265193371	
Nodes Above Average-----------	101	101	101	87	87	87	87	
Nodes Below Average-----------	80	80	80	94	94	94	94	
Photos Above Average----------	34	34	35	40	41	41	41	
Photos Below Average----------	17	17	17	19	19	19	19	
Network Coverage--------------	36000	36000	36000	36000	36000	36000	36000	

Average Redundancy------------	41.950276243093924	41.950276243093924	43.86187845303867	53.48618784530387	55.48618784530387	55.48618784530387	55.48618784530387	
Nodes Above Average-----------	79	79	81	77	77	77	77	
Nodes Below Average-----------	102	102	100	104	104	104	104	
Photos Above Average----------	32	32	33	40	40	40	40	
Photos Below Average----------	22	22	22	21	21	21	21	
Network Redundancy------------	254160	254160	260400	282120	286800	286800	286800	

