Message stats for scenario S_1-Photo_5000-Scenario_7-ActualPOI_50
sim_time: 160388470.0000

Photo List Size: 4420
coverageValue-----------------	135	305	172	273	223	155	139	201	60	120	104	198	191	120	333	314	311	182	195	120	252	271	257	232	229	287	180	180	303	180	84	180	239	128	171	120	183	80	236	220	97	241	125	240	207	254	221	262	174	120	219	232	0	288	270	191	69	191	143	123	233	234	259	229	180	180	206	240	257	231	171	297	233	273	207	257	277	273	250	187	214	198	252	323	89	190	158	252	286	224	230	312	147	317	60	198	193	120	147	240	
redundantCoverageValue--------	45	55	68	87	77	145	41	39	0	0	76	102	229	0	267	166	289	58	105	0	48	89	43	68	131	133	0	0	237	0	36	0	61	52	9	0	117	40	4	80	23	59	55	0	33	166	19	218	66	0	141	68	0	12	270	109	51	49	37	57	127	426	281	191	60	0	94	240	163	249	189	183	127	147	153	403	83	327	110	53	146	162	168	157	31	170	142	108	314	76	130	168	33	283	0	42	107	0	33	60	
halfCoverageTime--------------	.0	33906548.0	.0	33384261.0	33298108.0	.0	.0	32761778.0	.0	.0	.0	63704188.0	63507510.0	.0	32264452.0	32686093.0	33266770.0	32761762.0	63704148.0	.0	63704223.0	33906603.0	33906523.0	32761671.0	32264242.0	33906533.0	33906518.0	64732430.0	32686098.0	32761805.0	.0	64582506.0	33906583.0	.0	.0	.0	33906528.0	.0	32264372.0	32686083.0	.0	63704093.0	.0	33384311.0	33906568.0	33906508.0	63507434.0	32264332.0	.0	.0	32686178.0	63507444.0	.0	63704288.0	32761732.0	63704178.0	.0	63704103.0	.0	.0	32264307.0	32264592.0	32008479.0	33384336.0	33906503.0	63704198.0	63507449.0	33906623.0	32264287.0	32686138.0	.0	32264427.0	63849944.0	33906553.0	32008509.0	63507525.0	64582491.0	32008609.0	32159435.0	.0	33384291.0	63850059.0	63507439.0	32264282.0	.0	63507459.0	.0	32761757.0	32008434.0	63704183.0	63704078.0	32159108.0	.0	33178430.0	.0	32761800.0	33266782.0	.0	.0	32686113.0	
numberOfPoint-----------------	1	1	1	1	1	1	1	1	1	1	1	1	1	1	1	1	1	1	1	1	1	1	1	1	1	1	1	1	1	1	1	1	1	1	1	1	1	1	1	1	1	1	1	1	1	1	1	1	1	1	3	2	4	7	3	3	3	1	4	3	3	1	7	2	3	1	1	3	2	2	4	2	1	3	2	2	5	3	6	2	3	2	2	4	5	1	3	1	4	4	14	3	6	3	1	1	3	4	8	3	
standardDeviation-------------	.0	.0	.0	.0	.0	.0	.0	.0	.0	.0	.0	.0	.0	.0	.0	.0	.0	.0	.0	.0	.0	.0	.0	.0	.0	.0	.0	.0	.0	.0	.0	.0	.0	.0	.0	.0	.0	.0	.0	.0	.0	.0	.0	.0	.0	.0	.0	.0	.0	.0	12.14	6.82	6.62	5.41	7.31	9.64	6.68	5.99	6.37	6.66	8.55	2.12	6.81	9.33	5.18	4.62	6.08	7.98	9.98	9.68	8.51	4.77	5.41	6.97	8.75	5.39	7.43	9.2	6.77	7.52	10.04	4.58	8.92	8.61	6.06	2.82	9.54	6.23	6.48	7.12	8.43	6.83	7.72	8.54	1.71	2.28	8.0	8.14	7.91	7.8	
initialCoverageValue----------	360	360	360	360	360	360	360	360	360	360	360	360	360	360	360	360	360	360	360	360	360	360	360	360	360	360	360	360	360	360	360	360	360	360	360	360	360	360	360	360	360	360	360	360	360	360	360	360	360	360	360	360	360	360	360	360	360	360	360	360	360	360	360	360	360	360	360	360	360	360	360	360	360	360	360	360	360	360	360	360	360	360	360	360	360	360	360	360	360	360	360	360	360	360	360	360	360	360	360	360	
initialRedundantCoverageValue-	2400	2880	1740	1980	3180	3120	2400	2640	2580	2340	2760	2220	2880	2820	2820	3360	2940	2400	2520	2460	2640	2160	2580	2040	2700	2040	2880	2160	2700	2400	2580	1920	2340	1920	2520	2340	2460	2400	2460	2760	2220	2220	3120	2880	1860	2820	1860	1980	2940	2220	1920	2640	2400	1500	2280	3060	1860	2340	1860	2880	2760	2040	2340	2460	2220	2340	2340	2520	3120	2760	2460	2280	2880	2640	3060	2220	2220	2640	2460	1800	2580	2340	1560	3000	1920	1920	2280	1980	2280	1860	2640	2880	1680	2700	2040	2100	2520	2040	1980	2100	
additionalPoiTime-------------	2.450151706E8
algorithmTime-----------------	1.83925179E7
serverTime--------------------	9110458.4
Total Transferred Metadata----	3698

Photo List Size: 4420
Gained Coverage %-------------	0.5653888888888889
Gained Redundancy %-----------	0.042966094669651
Total Cluster Created---------	51
Total Transferred Photo-------	1843
Total Photo at Destination----	519
Coverage Group----------------	1-30	31-60	61-90	91-120	121-150	151-180	181-210	211-240	241-270	271-300	301-330	331-360	
Coverage Distribution---------	1	2	4	8	8	12	16	20	12	9	7	1	
Ratio Group-------------------	.0	.1	.2	.3	.4	.5	.6	.7	.8	.9	1.0	
Coverage Ratio----------------	1	0	3	5	12	14	17	24	15	8	1	
Redundant Ratio---------------	15	76	8	1	0	0	0	0	0	0	0	
NumberOfPoint Group-----------	0	1	2	3	4	5	6	7	8	9	10	11	12	13	14	
NumOfPoint Distribution-------	0	9	10	16	7	2	2	2	1	0	0	0	0	0	1	
SD Group----------------------	0-1	1-2	2-3	3-4	4-5	5-6	6-7	7-8	8-9	9-10	10-11	11-12	12-13	
SD Distribution---------------	50	1	3	0	3	5	13	8	9	6	1	0	1	
Half Coverage Group-----------	0-16038847	16038847-32077694	32077694-48116541	48116541-64155388	64155388-80194235	80194235-96233082	96233082-112271929	112271929-128310776	128310776-144349623	144349623-160388470	160388470-176427317	
Half Cvg Time Distribution----	0	4	44	19	3	0	0	0	0	0	0	
Transferred Photo Group-------	0-16038847	16038847-32077694	32077694-48116541	48116541-64155388	64155388-80194235	80194235-96233082	96233082-112271929	112271929-128310776	128310776-144349623	144349623-160388470	160388470-176427317	
Photo Time Distribution-------	124	2420	2843	1027	844	44	0	51	0	0	0	

Cvg&Red Distribution----------	0.0	2.0	3.2077694E7	6.4155388E7	1.28310776E8	1.6038847E8	9.6233082E7	
Average PhotoNum--------------	26.718232044198896	26.718232044198896	27.005524861878452	27.337016574585636	27.712707182320443	27.696132596685082	27.712707182320443	
Nodes Above Average-----------	103	103	96	90	90	90	90	
Nodes Below Average-----------	78	78	85	91	91	91	91	

Average Coverage--------------	1559.4972375690609	1559.4972375690609	1575.1878453038673	1594.3314917127072	1615.745856353591	1614.7513812154696	1615.745856353591	
Nodes Above Average-----------	105	105	101	94	92	92	92	
Nodes Below Average-----------	76	76	80	87	89	89	89	
Photos Above Average----------	33	33	34	35	36	36	36	
Photos Below Average----------	17	17	17	18	18	18	18	
Network Coverage--------------	36000	36000	36000	36000	36000	36000	36000	

Average Redundancy------------	43.59668508287293	43.59668508287293	45.14364640883978	45.889502762430936	47.01657458563536	47.01657458563536	47.01657458563536	
Nodes Above Average-----------	78	78	77	79	78	78	78	
Nodes Below Average-----------	103	103	104	102	103	103	103	
Photos Above Average----------	33	33	33	34	35	35	35	
Photos Below Average----------	21	21	22	21	22	22	22	
Network Redundancy------------	254160	254160	257280	260880	264960	264780	264960	

