Message stats for scenario S_1-Photo_5000-Scenario_4-ActualPOI_50
sim_time: 160388470.0000

Photo List Size: 4420
coverageValue-----------------	287	287	261	274	300	274	145	301	222	208	205	165	285	267	140	315	229	239	200	158	151	211	186	229	233	224	127	71	128	198	290	290	179	195	236	196	146	85	308	120	100	180	255	168	191	282	188	198	241	279	120	157	199	295	238	118	245	181	225	180	179	328	227	211	120	148	120	177	197	244	120	128	120	152	265	205	261	83	262	156	212	238	187	60	133	283	180	218	203	180	293	148	201	248	120	206	271	127	175	120	
redundantCoverageValue--------	133	73	159	146	120	26	35	119	78	92	215	15	15	93	40	165	11	121	40	82	89	29	54	131	67	16	53	49	52	42	130	130	61	45	244	104	34	35	112	0	20	0	165	12	49	78	112	102	179	141	0	23	101	185	62	122	55	119	15	0	61	152	73	29	0	92	0	123	43	56	0	172	0	88	155	35	219	37	218	84	88	62	53	0	47	257	0	82	157	0	67	92	39	172	0	34	149	53	65	0	
halfCoverageTime--------------	32008604.0	33298108.0	33906598.0	63849924.0	32761762.0	32761711.0	.0	32008619.0	33384421.0	63704188.0	33298103.0	.0	63704253.0	33906618.0	.0	33384326.0	33906623.0	33266748.0	33906613.0	.0	.0	32686143.0	33384266.0	33384346.0	63507495.0	32264272.0	.0	.0	.0	32761671.0	33384406.0	33906573.0	.0	33384371.0	32264247.0	32761686.0	.0	.0	32761666.0	.0	.0	63849954.0	32686113.0	.0	63704258.0	33906498.0	33384296.0	63507480.0	32761701.0	33384366.0	.0	.0	33298113.0	32159415.0	33906503.0	.0	33384276.0	63849994.0	63704158.0	33906553.0	.0	32008311.0	63704083.0	63704143.0	.0	.0	.0	.0	33178450.0	33384331.0	.0	.0	.0	.0	32264302.0	64582451.0	32264372.0	.0	32159359.0	.0	32008444.0	32008549.0	64732440.0	.0	.0	32159118.0	32264582.0	32264587.0	63507525.0	63704238.0	32264442.0	.0	64582426.0	32264277.0	.0	33906588.0	32264282.0	.0	.0	.0	
numberOfPoint-----------------	1	1	1	1	1	1	1	1	1	1	1	1	1	1	1	1	1	1	1	1	1	1	1	1	1	1	1	1	1	1	1	1	1	1	1	1	1	1	1	1	1	1	1	1	1	1	1	1	1	1	3	3	3	6	4	2	4	4	3	2	3	3	3	4	2	5	0	2	2	3	3	2	5	2	1	2	2	5	3	6	8	2	11	4	2	2	2	4	3	3	3	4	2	3	3	2	2	2	1	5	
standardDeviation-------------	.0	.0	.0	.0	.0	.0	.0	.0	.0	.0	.0	.0	.0	.0	.0	.0	.0	.0	.0	.0	.0	.0	.0	.0	.0	.0	.0	.0	.0	.0	.0	.0	.0	.0	.0	.0	.0	.0	.0	.0	.0	.0	.0	.0	.0	.0	.0	.0	.0	.0	7.48	7.07	7.93	5.54	7.26	5.01	8.14	8.72	7.82	6.96	10.69	8.92	8.14	9.0	6.11	6.37	.0	7.28	6.03	9.17	7.96	9.72	7.99	5.98	6.53	9.35	6.49	8.24	8.36	7.58	7.06	7.7	7.58	9.14	1.17	5.56	7.98	7.4	7.94	8.39	7.96	7.17	4.85	8.77	8.2	4.52	7.04	6.91	5.89	8.69	
initialCoverageValue----------	360	360	360	360	360	360	360	360	360	360	360	360	360	360	360	360	360	360	360	360	355	360	360	360	360	360	360	360	360	360	360	360	360	360	360	360	360	360	360	360	360	360	360	360	358	360	360	360	360	360	360	360	360	360	360	344	360	360	360	360	360	360	360	360	360	360	360	360	360	360	360	360	360	360	360	360	360	360	360	360	360	360	360	360	360	360	360	360	360	360	360	360	360	360	360	360	360	360	360	360	
initialRedundantCoverageValue-	2280	2460	2220	3000	2460	2580	2580	2460	2580	2460	2280	2280	2160	3120	2520	2760	2400	2760	2580	2160	1745	2760	1800	2700	1920	2340	2460	3000	2700	2700	2460	2460	2520	2280	2520	2280	2040	2340	2340	2400	2160	2460	2580	2580	1682	3060	3180	2700	2280	2640	2220	1500	2760	1860	2280	2536	2160	2700	2580	1800	2100	3360	2340	1980	2520	2100	2040	1500	2880	2760	2340	2580	2520	1980	2520	1980	2280	2460	2340	2280	2520	2340	2400	2520	2640	2640	2280	2400	2700	1980	2520	2940	2520	2700	2280	3000	2700	2460	2700	2400	
additionalPoiTime-------------	2.145949756E8
algorithmTime-----------------	1.85953192E7
serverTime--------------------	8736056.0
Total Transferred Metadata----	3698

Photo List Size: 4420
Gained Coverage %-------------	0.5589960252383467
Gained Redundancy %-----------	0.03228938263885175
Total Cluster Created---------	50
Total Transferred Photo-------	1796
Total Photo at Destination----	467
Coverage Group----------------	1-30	31-60	61-90	91-120	121-150	151-180	181-210	211-240	241-270	271-300	301-330	331-360	
Coverage Distribution---------	0	1	3	10	10	15	18	15	10	14	4	0	
Ratio Group-------------------	.0	.1	.2	.3	.4	.5	.6	.7	.8	.9	1.0	
Coverage Ratio----------------	0	0	2	3	15	19	21	16	15	8	1	
Redundant Ratio---------------	13	87	0	0	0	0	0	0	0	0	0	
NumberOfPoint Group-----------	0	1	2	3	4	5	6	7	8	9	10	11	
NumOfPoint Distribution-------	1	2	17	15	7	4	2	0	1	0	0	1	
SD Group----------------------	0-1	1-2	2-3	3-4	4-5	5-6	6-7	7-8	8-9	9-10	10-11	
SD Distribution---------------	51	1	0	0	2	5	7	18	11	4	1	
Half Coverage Group-----------	0-16038847	16038847-32077694	32077694-48116541	48116541-64155388	64155388-80194235	80194235-96233082	96233082-112271929	112271929-128310776	128310776-144349623	144349623-160388470	160388470-176427317	
Half Cvg Time Distribution----	0	5	44	13	3	0	0	0	0	0	0	
Transferred Photo Group-------	0-16038847	16038847-32077694	32077694-48116541	48116541-64155388	64155388-80194235	80194235-96233082	96233082-112271929	112271929-128310776	128310776-144349623	144349623-160388470	160388470-176427317	
Photo Time Distribution-------	185	2495	2695	852	781	21	0	31	0	0	0	

Cvg&Red Distribution----------	0.0	2.0	3.2077694E7	6.4155388E7	1.28310776E8	1.6038847E8	9.6233082E7	
Average PhotoNum--------------	26.718232044198896	26.718232044198896	27.011049723756905	27.41988950276243	27.823204419889503	27.8121546961326	27.823204419889503	
Nodes Above Average-----------	103	103	96	91	91	91	91	
Nodes Below Average-----------	78	78	85	90	90	90	90	

Average Coverage--------------	1562.0939226519338	1562.0939226519338	1576.9613259668508	1598.4585635359117	1621.2486187845304	1620.585635359116	1621.2486187845304	
Nodes Above Average-----------	100	100	99	93	87	87	87	
Nodes Below Average-----------	81	81	82	88	94	94	94	
Photos Above Average----------	34	34	34	36	37	37	37	
Photos Below Average----------	17	17	17	18	18	18	18	
Network Coverage--------------	35971	35971	35971	35971	35971	35971	35971	

Average Redundancy------------	41.0	41.0	43.70165745856354	46.73480662983425	48.14364640883978	48.14364640883978	48.14364640883978	
Nodes Above Average-----------	79	79	77	72	73	73	73	
Nodes Below Average-----------	102	102	104	109	108	108	108	
Photos Above Average----------	32	32	33	35	35	35	35	
Photos Below Average----------	22	22	22	22	22	22	22	
Network Redundancy------------	254189	254189	257369	261809	266189	266069	266189	

