Message stats for scenario S_1-Photo_5000-Scenario_8-ActualPOI_50
sim_time: 160388470.0000

Photo List Size: 558
coverageValue-----------------	135	275	216	223	332	272	314	267	326	218	326	274	197	263	187	295	355	173	258	264	265	157	247	185	276	289	206	159	287	278	219	337	240	265	189	111	179	313	183	135	254	120	322	211	186	226	120	271	277	245	72	347	107	145	101	66	138	182	299	178	61	188	260	269	266	60	191	108	196	231	131	299	180	312	249	198	201	286	164	60	264	204	279	60	180	60	303	221	99	261	120	120	232	225	222	183	180	190	182	271	
redundantCoverageValue--------	105	85	84	137	148	88	226	153	394	202	274	206	103	457	113	185	125	67	222	96	35	203	113	235	384	131	34	141	313	382	81	443	120	95	111	69	61	407	117	165	106	0	218	149	54	134	0	29	383	115	48	313	133	35	79	54	42	58	301	62	59	52	100	31	94	0	229	12	44	9	49	121	0	228	51	102	39	254	16	0	36	96	141	0	0	0	117	79	21	99	0	0	68	15	78	57	0	110	118	149	
halfCoverageTime--------------	.0	1746528.0	33384446.0	33906493.0	32008654.0	32159510.0	63507515.0	33384361.0	32761835.0	33178440.0	32008679.0	33384376.0	63850039.0	32159163.0	63507495.0	33266748.0	32686163.0	.0	33384261.0	33906613.0	33298118.0	.0	32159193.0	33178445.0	32686083.0	63704168.0	64582521.0	.0	32159530.0	32008469.0	33384266.0	32008321.0	33266764.0	63507454.0	33266804.0	.0	.0	32761721.0	33906548.0	.0	33384371.0	.0	32264242.0	63704273.0	33178420.0	63704143.0	.0	32264582.0	32159118.0	32761671.0	.0	32008529.0	.0	.0	.0	.0	.0	64582541.0	32686158.0	.0	.0	64582391.0	32761885.0	63849994.0	33384346.0	.0	33384396.0	.0	33384351.0	33384431.0	.0	32264332.0	63507505.0	32761706.0	33532159.0	64582441.0	63507520.0	32008549.0	.0	.0	33906543.0	33178430.0	33298108.0	.0	64582421.0	.0	32686093.0	64582536.0	.0	64732435.0	.0	.0	63704108.0	32761762.0	64582466.0	64582471.0	63704098.0	63704258.0	63850064.0	32264272.0	
numberOfPoint-----------------	1	1	1	1	1	1	1	1	1	1	1	1	1	1	1	1	1	1	1	1	1	1	1	1	1	1	1	1	1	1	1	1	1	1	1	1	1	1	1	1	1	1	1	1	1	1	1	1	1	1	1	1	1	1	0	1	1	1	2	1	1	1	2	1	1	0	1	0	1	1	1	1	0	2	3	2	1	1	1	1	2	1	1	0	1	0	2	1	1	1	1	0	2	1	1	1	1	1	0	1	
standardDeviation-------------	.0	.0	.0	.0	.0	.0	.0	.0	.0	.0	.0	.0	.0	.0	.0	.0	.0	.0	.0	.0	.0	.0	.0	.0	.0	.0	.0	.0	.0	.0	.0	.0	.0	.0	.0	.0	.0	.0	.0	.0	.0	.0	.0	.0	.0	.0	.0	.0	.0	.0	5.58	1.12	9.25	3.22	.0	5.63	9.42	7.68	6.42	3.54	1.65	1.39	5.02	7.57	6.48	.0	4.03	.0	4.46	4.3	4.72	1.34	.0	7.0	8.93	10.58	7.51	6.15	3.33	5.32	9.12	2.56	8.05	.0	6.36	.0	7.18	5.81	11.48	5.95	8.49	.0	8.1	7.07	7.54	2.06	12.61	12.25	.0	1.53	
initialCoverageValue----------	360	360	360	360	360	360	360	360	360	360	360	360	360	360	360	360	360	360	360	360	360	360	360	360	360	360	360	360	360	360	360	360	360	360	360	360	360	360	360	360	360	360	360	353	360	360	360	360	360	360	360	360	360	360	360	360	360	360	360	360	360	360	356	360	360	360	358	360	360	360	360	360	360	360	360	360	360	360	360	360	360	360	360	360	360	360	360	360	360	360	360	360	360	360	360	360	360	360	360	360	
initialRedundantCoverageValue-	2220	2400	2160	2400	3000	2340	2580	2700	2700	2820	2760	2400	2400	2820	2520	2220	2700	2100	3240	2700	2160	2520	2460	2040	2940	2220	2340	2820	2160	2340	2280	3660	2220	2820	2460	2520	2160	2280	2280	2280	2520	1860	1920	1807	3660	1680	1680	2100	2760	1980	2400	2760	2640	2400	2100	2580	2520	1860	3420	2220	3000	2340	2164	2880	2040	2340	2402	2340	2940	2280	2100	2640	2340	2760	2640	2040	2220	2460	2460	2760	2040	2400	2400	1440	2160	1980	3540	2580	2760	2460	2040	2280	2340	2040	2880	2220	2700	2400	1920	2520	
additionalPoiTime-------------	140400.9
algorithmTime-----------------	1.501787241982E10
serverTime--------------------	249601.6
Total Transferred Metadata----	2522

Photo List Size: 558
Gained Coverage %-------------	0.5925195209381166
Gained Redundancy %-----------	0.04973011638088739
Total Cluster Created---------	0
Total Transferred Photo-------	31033
Total Photo at Destination----	569
Coverage Group----------------	1-30	31-60	61-90	91-120	121-150	151-180	181-210	211-240	241-270	271-300	301-330	331-360	
Coverage Distribution---------	0	4	3	9	5	9	17	12	15	15	7	4	
Ratio Group-------------------	.0	.1	.2	.3	.4	.5	.6	.7	.8	.9	1.0	
Coverage Ratio----------------	0	0	7	4	9	10	19	13	23	9	6	
Redundant Ratio---------------	11	77	12	0	0	0	0	0	0	0	0	
NumberOfPoint Group-----------	0	1	2	3	
NumOfPoint Distribution-------	8	34	7	1	
SD Group----------------------	0-1	1-2	2-3	3-4	4-5	5-6	6-7	7-8	8-9	9-10	10-11	11-12	12-13	
SD Distribution---------------	58	5	2	3	4	6	5	6	4	3	1	1	2	
Half Coverage Group-----------	0-16038847	16038847-32077694	32077694-48116541	48116541-64155388	64155388-80194235	80194235-96233082	96233082-112271929	112271929-128310776	128310776-144349623	144349623-160388470	160388470-176427317	
Half Cvg Time Distribution----	1	6	43	14	9	0	0	0	0	0	0	
Transferred Photo Group-------	0-16038847	16038847-32077694	32077694-48116541	48116541-64155388	64155388-80194235	80194235-96233082	96233082-112271929	112271929-128310776	128310776-144349623	144349623-160388470	160388470-176427317	
Photo Time Distribution-------	6541	15210	19282	16677	8609	316	250	928	328	143	0	

Cvg&Red Distribution----------	0.0	2.0	3.2077694E7	6.4155388E7	1.28310776E8	1.6038847E8	9.6233082E7	
Average PhotoNum--------------	26.718232044198896	26.718232044198896	35.994475138121544	40.1767955801105	42.027624309392266	42.11602209944751	41.027624309392266	
Nodes Above Average-----------	103	103	98	126	137	137	130	
Nodes Below Average-----------	78	78	83	55	44	44	51	

Average Coverage--------------	1564.0883977900553	1564.0883977900553	2076.817679558011	2312.790055248619	2414.8950276243095	2419.1381215469614	2359.8508287292816	
Nodes Above Average-----------	101	101	100	126	137	137	131	
Nodes Below Average-----------	80	80	81	55	44	44	50	
Photos Above Average----------	34	34	48	49	49	49	49	
Photos Below Average----------	17	17	21	17	17	17	17	
Network Coverage--------------	35982	35982	35982	35982	35982	35982	35982	

Average Redundancy------------	39.005524861878456	39.005524861878456	82.85082872928177	97.81767955801105	106.76243093922652	107.8232044198895	101.80662983425414	
Nodes Above Average-----------	78	78	78	79	80	80	81	
Nodes Below Average-----------	103	103	103	102	101	101	100	
Photos Above Average----------	31	31	46	49	49	49	49	
Photos Below Average----------	23	23	27	32	35	36	34	
Network Redundancy------------	254178	254178	354918	400338	420438	421398	409578	

