Message stats for scenario S_1-Photo_5000-Scenario_5-ActualPOI_50
sim_time: 160388470.0000

Photo List Size: 4420
coverageValue-----------------	179	179	214	298	228	316	327	212	165	198	260	64	189	60	144	177	148	255	156	253	188	174	180	251	290	224	179	237	120	281	227	230	74	225	232	122	209	237	191	145	148	284	347	120	200	175	171	220	129	171	227	228	180	60	159	180	267	238	142	146	257	122	291	182	324	0	214	182	271	246	0	191	60	120	200	60	330	120	207	0	188	342	279	165	180	287	298	277	250	209	182	180	167	120	178	226	120	284	205	299	
redundantCoverageValue--------	1	121	86	122	72	104	153	28	135	42	40	56	111	0	36	3	92	105	144	107	52	66	0	109	130	76	1	3	0	139	13	70	46	75	68	58	91	183	109	35	32	76	133	0	40	5	9	20	51	9	73	132	0	0	21	0	33	2	98	34	163	118	129	178	216	0	26	178	89	54	0	109	0	0	40	0	150	0	213	0	112	198	201	75	0	73	122	23	110	31	58	0	13	0	62	134	0	16	95	121	
halfCoverageTime--------------	.0	.0	33384266.0	33266794.0	32686133.0	33384356.0	32264402.0	33266748.0	.0	33266809.0	33532159.0	.0	64582431.0	.0	.0	.0	.0	33384316.0	.0	32686088.0	63704178.0	.0	63704148.0	32686193.0	32264602.0	33906538.0	.0	33906603.0	.0	63507459.0	33906623.0	33906583.0	.0	33384326.0	63849984.0	.0	63507444.0	32264292.0	33298113.0	.0	.0	32686183.0	32761651.0	.0	63849924.0	.0	.0	64582441.0	.0	.0	63704193.0	32159143.0	63704223.0	.0	.0	32264612.0	33906598.0	33384351.0	.0	.0	33298088.0	.0	32008341.0	63704188.0	32159400.0	.0	33266829.0	63704258.0	64582391.0	63704218.0	.0	33384271.0	.0	.0	32008569.0	.0	32008624.0	.0	32264257.0	.0	63704073.0	63704093.0	32159475.0	.0	33384321.0	32008564.0	32264352.0	32686203.0	32008351.0	33384406.0	32159490.0	63849969.0	.0	.0	.0	33384396.0	.0	32264302.0	33906578.0	32686083.0	
numberOfPoint-----------------	1	1	1	1	1	1	1	1	1	1	1	1	1	1	1	1	1	1	1	1	1	1	1	1	1	1	1	1	1	1	1	1	1	1	1	1	1	1	1	1	1	1	1	1	1	1	1	1	1	1	3	3	2	2	1	2	1	2	2	3	3	4	4	3	4	2	2	5	3	2	2	3	3	2	1	1	5	2	1	3	3	3	2	4	3	3	3	2	4	3	1	2	4	1	1	1	3	1	3	2	
standardDeviation-------------	.0	.0	.0	.0	.0	.0	.0	.0	.0	.0	.0	.0	.0	.0	.0	.0	.0	.0	.0	.0	.0	.0	.0	.0	.0	.0	.0	.0	.0	.0	.0	.0	.0	.0	.0	.0	.0	.0	.0	.0	.0	.0	.0	.0	.0	.0	.0	.0	.0	.0	7.2	8.34	7.05	5.86	7.18	7.95	4.83	6.17	7.49	9.16	7.92	8.97	9.02	8.84	8.2	10.17	5.39	7.3	9.7	5.49	5.9	6.75	6.73	5.09	3.54	1.36	9.75	5.17	5.5	7.07	6.76	5.5	5.22	7.77	6.12	9.91	7.79	5.42	9.48	6.64	9.92	5.11	6.2	13.71	5.95	2.0	7.03	1.2	4.77	10.86	
initialCoverageValue----------	360	360	360	360	360	360	360	360	360	360	360	360	360	360	360	360	360	360	360	360	360	360	360	360	360	360	360	360	360	360	360	360	360	360	360	360	360	360	360	360	360	360	360	360	360	360	360	360	360	360	360	360	360	360	360	360	360	360	360	360	360	360	360	360	360	360	360	360	360	360	360	360	360	360	360	360	360	360	360	360	360	360	360	360	360	360	360	360	360	360	360	360	360	360	360	360	360	360	360	360	
initialRedundantCoverageValue-	3060	1920	2160	3120	2340	2700	3180	1680	2160	1800	2400	2760	2040	2640	2340	2400	2160	2460	2340	1920	2520	2220	2400	2100	3120	1800	2280	3660	1860	2700	2760	1980	2100	2340	2220	2400	2340	2460	2340	2460	1500	2280	2400	1620	2700	2220	2280	2220	2160	2580	2520	2580	2220	2880	2280	2640	2640	1920	2220	2880	2220	2460	2040	2220	3240	2580	2340	2520	2340	2700	2100	3060	2160	2280	2640	1980	3120	2580	2460	1980	2160	3240	2580	2160	3300	2580	3000	2820	2700	2760	2280	2520	2100	2040	2580	2640	3120	2220	1980	2760	
additionalPoiTime-------------	0.0
algorithmTime-----------------	1.78153142E7
serverTime--------------------	1.11384714E7
Total Transferred Metadata----	3699

Photo List Size: 4420
Gained Coverage %-------------	0.5456388888888889
Gained Redundancy %-----------	0.02781345188112291
Total Cluster Created---------	50
Total Transferred Photo-------	1721
Total Photo at Destination----	442
Coverage Group----------------	1-30	31-60	61-90	91-120	121-150	151-180	181-210	211-240	241-270	271-300	301-330	331-360	
Coverage Distribution---------	3	4	2	6	9	19	15	16	8	12	4	2	
Ratio Group-------------------	.0	.1	.2	.3	.4	.5	.6	.7	.8	.9	1.0	
Coverage Ratio----------------	3	0	5	1	11	23	18	16	12	7	4	
Redundant Ratio---------------	18	82	0	0	0	0	0	0	0	0	0	
NumberOfPoint Group-----------	0	1	2	3	4	5	
NumOfPoint Distribution-------	0	10	15	17	6	2	
SD Group----------------------	0-1	1-2	2-3	3-4	4-5	5-6	6-7	7-8	8-9	9-10	10-11	11-12	12-13	13-14	
SD Distribution---------------	50	2	1	1	2	12	7	11	4	7	2	0	0	1	
Half Coverage Group-----------	0-16038847	16038847-32077694	32077694-48116541	48116541-64155388	64155388-80194235	80194235-96233082	96233082-112271929	112271929-128310776	128310776-144349623	144349623-160388470	160388470-176427317	
Half Cvg Time Distribution----	0	5	40	14	3	0	0	0	0	0	0	
Transferred Photo Group-------	0-16038847	16038847-32077694	32077694-48116541	48116541-64155388	64155388-80194235	80194235-96233082	96233082-112271929	112271929-128310776	128310776-144349623	144349623-160388470	160388470-176427317	
Photo Time Distribution-------	182	1158	2029	669	579	23	0	27	0	0	0	

Cvg&Red Distribution----------	0.0	2.0	3.2077694E7	6.4155388E7	1.28310776E8	1.6038847E8	9.6233082E7	
Average PhotoNum--------------	26.718232044198896	26.718232044198896	27.0	27.497237569060772	27.87845303867403	27.867403314917127	27.87845303867403	
Nodes Above Average-----------	103	103	96	93	93	93	93	
Nodes Below Average-----------	78	78	85	88	88	88	88	

Average Coverage--------------	1565.4198895027625	1565.4198895027625	1581.4475138121547	1610.3977900552486	1631.403314917127	1631.0276243093922	1631.403314917127	
Nodes Above Average-----------	100	100	100	93	88	88	88	
Nodes Below Average-----------	81	81	81	88	93	93	93	
Photos Above Average----------	34	34	34	36	37	37	37	
Photos Below Average----------	17	17	17	18	18	18	18	
Network Coverage--------------	36000	36000	36000	35993	35993	35993	35993	

Average Redundancy------------	37.67403314917127	37.67403314917127	38.552486187845304	39.43646408839779	41.30386740331492	41.01657458563536	41.30386740331492	
Nodes Above Average-----------	82	82	79	80	80	79	80	
Nodes Below Average-----------	99	99	102	101	101	102	101	
Photos Above Average----------	31	31	32	33	34	34	34	
Photos Below Average----------	22	22	22	22	22	22	22	
Network Redundancy------------	254160	254160	257220	262627	266767	266647	266767	

