Message stats for scenario S_3-Photo_5000-Scenario_6-ActualPOI_50
sim_time: 160388470.0000

Photo List Size: 964
coverageValue-----------------	337	305	253	221	323	300	242	304	313	322	290	251	200	296	345	306	275	298	309	338	329	156	279	331	333	218	230	326	331	331	311	249	337	264	294	297	243	310	341	198	303	311	331	315	293	275	248	272	339	329	314	323	292	241	327	329	158	347	195	274	351	266	285	268	213	345	298	238	273	226	233	303	261	286	254	215	360	298	301	281	211	120	278	286	321	283	242	300	289	330	319	227	325	180	313	292	321	305	326	231	
redundantCoverageValue--------	503	295	167	79	277	180	178	476	287	458	430	169	100	424	435	474	265	302	351	382	271	204	321	569	327	142	310	454	329	509	529	111	203	156	366	303	357	410	559	102	117	469	449	405	127	325	292	328	441	451	286	637	188	119	333	331	142	493	45	326	669	94	195	272	267	435	242	122	267	134	367	177	159	194	226	25	600	182	239	199	29	0	262	194	279	197	178	240	251	210	761	73	575	0	287	188	279	235	334	129	
halfCoverageTime--------------	32264307.0	33266829.0	32686118.0	64582481.0	32181035.0	32686138.0	33205475.0	32159415.0	32686173.0	32008311.0	32159370.0	32008474.0	33384366.0	32008449.0	32159138.0	32008459.0	33985342.0	32061628.0	32159515.0	31571654.0	33985367.0	.0	33195364.0	32061694.0	33195339.0	63849979.0	32008509.0	31571735.0	33178425.0	31573440.0	32181120.0	33266799.0	32264272.0	32264327.0	31573410.0	32181205.0	33906528.0	33007247.0	32159525.0	32159475.0	32159465.0	31573475.0	32154288.0	32159364.0	32675978.0	63163050.0	32761805.0	32154248.0	31573455.0	32960437.0	32676014.0	32095134.0	31571795.0	32159505.0	33728489.0	32264372.0	.0	63163104.0	33728276.0	32008362.0	31571770.0	32675960.0	32159183.0	32675990.0	32960335.0	31571614.0	32761696.0	33384346.0	63850019.0	33985357.0	32181065.0	32264362.0	33728434.0	32868702.0	32008479.0	63704253.0	32008316.0	33384256.0	32159510.0	63163074.0	32008238.0	.0	32154258.0	32686123.0	33384341.0	33195284.0	63850004.0	32095149.0	33728352.0	32061739.0	32264282.0	33906508.0	32159480.0	63704228.0	32159153.0	33906613.0	32008429.0	33728374.0	32008280.0	.0	
numberOfPoint-----------------	1	1	1	1	1	1	1	1	1	1	1	1	1	1	1	1	1	1	1	1	1	1	1	1	1	1	1	1	1	1	1	1	1	1	1	1	1	1	1	1	1	1	1	1	1	1	1	1	1	1	0	1	1	1	1	3	1	1	2	3	4	0	2	1	1	2	1	0	1	1	1	2	1	1	1	2	4	1	1	1	1	1	2	1	1	1	1	1	2	1	3	1	2	0	1	1	1	1	1	1	
standardDeviation-------------	.0	.0	.0	.0	.0	.0	.0	.0	.0	.0	.0	.0	.0	.0	.0	.0	.0	.0	.0	.0	.0	.0	.0	.0	.0	.0	.0	.0	.0	.0	.0	.0	.0	.0	.0	.0	.0	.0	.0	.0	.0	.0	.0	.0	.0	.0	.0	.0	.0	.0	.0	8.1	1.7	7.21	.54	7.79	6.8	2.1	8.2	10.86	8.58	.0	6.18	6.78	7.44	8.01	2.53	.0	4.61	7.79	5.55	7.47	6.36	7.74	7.29	8.66	10.13	2.2	14.96	3.09	7.96	5.12	7.67	5.04	2.5	3.04	4.83	12.3	6.16	9.31	8.21	4.65	8.72	.0	1.49	8.72	5.06	1.41	2.4	6.42	
initialCoverageValue----------	360	360	360	360	360	360	360	360	360	360	360	360	360	360	360	360	360	360	360	360	360	360	360	360	360	360	360	360	360	360	360	360	360	360	360	360	360	360	360	360	360	360	360	360	360	360	360	360	360	360	360	360	360	360	360	360	360	360	360	360	360	360	352	360	360	360	360	360	360	360	349	360	360	360	360	360	360	360	360	360	360	360	360	360	360	360	360	360	360	360	360	360	360	360	360	360	360	360	360	360	
initialRedundantCoverageValue-	2520	3300	2220	1500	3540	2160	1860	2400	2760	2760	2700	2160	2220	2520	2340	2400	2460	2640	3120	2880	2880	1560	2220	3240	2340	1980	2820	2340	2340	2640	2220	3300	1920	2640	2700	2160	1920	2760	2940	2700	2520	2280	2880	2100	1800	2280	2820	2460	2160	2340	3060	2820	2940	2520	3300	1980	2340	2760	1680	2340	2880	2160	2468	2160	2280	2340	1980	1980	1980	2280	2351	3000	2700	1920	2340	2160	2760	2460	2280	1980	2220	2760	1680	2220	2940	2100	2400	2400	1980	2760	2520	2280	2340	2160	3060	2100	2760	2460	2160	2280	
additionalPoiTime-------------	62400.4
algorithmTime-----------------	5.264565747E8
serverTime--------------------	2995219.2
Total Transferred Metadata----	2909

Photo List Size: 964
Gained Coverage %-------------	0.7894722214502098
Gained Redundancy %-----------	0.11841527069926365
Total Cluster Created---------	0
Total Transferred Photo-------	4449
Total Photo at Destination----	993
Coverage Group----------------	1-30	31-60	61-90	91-120	121-150	151-180	181-210	211-240	241-270	271-300	301-330	331-360	
Coverage Distribution---------	0	0	0	1	0	3	3	11	13	25	29	15	
Ratio Group-------------------	.0	.1	.2	.3	.4	.5	.6	.7	.8	.9	1.0	
Coverage Ratio----------------	0	0	0	0	1	3	6	15	17	35	23	
Redundant Ratio---------------	2	41	49	7	1	0	0	0	0	0	0	
NumberOfPoint Group-----------	0	1	2	3	4	
NumOfPoint Distribution-------	4	33	8	3	2	
SD Group----------------------	0-1	1-2	2-3	3-4	4-5	5-6	6-7	7-8	8-9	9-10	10-11	11-12	12-13	13-14	14-15	
SD Distribution---------------	55	3	5	2	3	4	6	9	8	1	2	0	1	0	1	
Half Coverage Group-----------	0-16038847	16038847-32077694	32077694-48116541	48116541-64155388	64155388-80194235	80194235-96233082	96233082-112271929	112271929-128310776	128310776-144349623	144349623-160388470	160388470-176427317	
Half Cvg Time Distribution----	0	23	64	8	1	0	0	0	0	0	0	
Transferred Photo Group-------	0-16038847	16038847-32077694	32077694-48116541	48116541-64155388	64155388-80194235	80194235-96233082	96233082-112271929	112271929-128310776	128310776-144349623	144349623-160388470	160388470-176427317	
Photo Time Distribution-------	558	3529	5588	2793	1380	27	0	49	25	0	0	

Cvg&Red Distribution----------	0.0	2.0	3.2077694E7	6.4155388E7	1.28310776E8	1.6038847E8	9.6233082E7	
Average PhotoNum--------------	26.558659217877096	26.558659217877096	28.212290502793294	30.81564245810056	31.11173184357542	31.11173184357542	31.044692737430168	
Nodes Above Average-----------	101	101	89	81	76	76	75	
Nodes Below Average-----------	78	78	90	98	103	103	104	

Average Coverage--------------	1559.391061452514	1559.391061452514	1650.6536312849162	1797.167597765363	1813.340782122905	1813.340782122905	1809.7653631284916	
Nodes Above Average-----------	106	106	92	78	79	79	78	
Nodes Below Average-----------	73	73	87	101	100	100	101	
Photos Above Average----------	33	33	37	44	45	45	45	
Photos Below Average----------	16	16	18	20	20	20	20	
Network Coverage--------------	35978	35978	35978	35967	35962	35962	35962	

Average Redundancy------------	34.12849162011173	34.12849162011173	42.08379888268156	51.770949720670394	53.36312849162011	53.36312849162011	52.91620111731844	
Nodes Above Average-----------	79	79	75	72	73	73	73	
Nodes Below Average-----------	100	100	104	107	106	106	106	
Photos Above Average----------	31	31	35	41	41	41	41	
Photos Below Average----------	22	22	23	23	23	23	23	
Network Redundancy------------	249262	249262	267022	294993	298178	298178	297458	

