Message stats for scenario S_3-Photo_5000-Scenario_5-ActualPOI_50
sim_time: 160388470.0000

Photo List Size: 4454
coverageValue-----------------	285	324	319	240	302	340	287	298	360	251	348	283	120	337	319	303	357	245	312	266	322	213	311	323	294	358	310	312	334	277	319	248	324	315	278	247	157	227	267	252	198	287	245	351	303	360	313	331	278	272	240	310	283	120	168	156	257	174	227	261	207	117	292	210	109	190	196	307	252	269	259	206	131	250	220	192	215	298	231	240	60	309	222	256	274	222	196	324	218	256	289	129	174	177	245	263	145	180	245	269	
redundantCoverageValue--------	75	156	221	0	298	140	13	182	300	169	192	137	0	323	401	57	183	175	168	154	158	27	229	157	306	302	290	228	266	143	161	112	216	105	142	113	143	13	153	168	102	133	235	189	237	240	167	389	142	148	60	350	137	0	72	324	43	66	13	279	153	123	128	150	71	50	164	293	168	271	101	34	169	110	80	48	385	182	189	0	0	111	18	284	326	138	164	156	82	404	131	51	126	63	115	337	35	0	55	151	
halfCoverageTime--------------	33195344.0	33728311.0	33195359.0	32868782.0	32159460.0	32181150.0	63507439.0	33205464.0	32868697.0	33728346.0	32676014.0	32264612.0	.0	32095124.0	32095144.0	32686083.0	32061699.0	33728358.0	32264592.0	32159133.0	32159123.0	33906523.0	32008414.0	32675966.0	32181105.0	32181125.0	32154273.0	32008419.0	32159163.0	32868767.0	32181070.0	33532159.0	32159188.0	32960315.0	33728331.0	32159208.0	.0	63507470.0	33906493.0	33178415.0	64582451.0	32159430.0	32868762.0	32159445.0	32061649.0	31573300.0	33906578.0	32159183.0	32159375.0	32159193.0	32675978.0	31573350.0	32264287.0	.0	.0	.0	33906583.0	.0	63162966.0	32008331.0	32264397.0	.0	32159143.0	33985337.0	.0	64139252.0	63163098.0	31571840.0	63704083.0	32868712.0	32264337.0	33985332.0	.0	33205490.0	32159465.0	1746444.0	32008474.0	32686128.0	32181055.0	31571755.0	.0	32264307.0	32527451.0	32159405.0	32868752.0	33266782.0	32154298.0	31571745.0	63163008.0	32181100.0	32686158.0	.0	.0	.0	32264242.0	32868742.0	.0	32159359.0	31571714.0	32008392.0	
numberOfPoint-----------------	1	1	1	1	1	1	1	1	1	1	1	1	1	1	1	1	1	1	1	1	1	1	1	1	1	1	1	1	1	1	1	1	1	1	1	1	1	1	1	1	1	1	1	1	1	1	1	1	1	1	3	5	5	6	6	5	3	7	1	2	3	5	5	1	4	4	2	4	4	2	3	5	3	3	2	2	5	2	4	10	2	2	6	1	4	14	3	7	5	7	4	4	2	6	6	6	5	1	3	7	
standardDeviation-------------	.0	.0	.0	.0	.0	.0	.0	.0	.0	.0	.0	.0	.0	.0	.0	.0	.0	.0	.0	.0	.0	.0	.0	.0	.0	.0	.0	.0	.0	.0	.0	.0	.0	.0	.0	.0	.0	.0	.0	.0	.0	.0	.0	.0	.0	.0	.0	.0	.0	.0	6.79	7.28	4.47	6.53	6.05	8.56	6.72	8.67	3.84	6.33	7.26	5.98	8.67	1.36	6.54	8.51	10.38	6.1	7.17	7.27	7.92	5.76	7.02	8.06	3.5	6.54	4.24	10.36	8.32	7.68	6.67	5.44	6.59	4.7	6.08	7.73	7.92	7.53	8.99	6.89	9.29	5.59	7.7	4.47	7.37	9.08	8.32	5.94	8.02	6.56	
initialCoverageValue----------	360	360	360	360	360	360	360	360	360	360	360	360	360	360	360	360	360	360	360	360	360	360	360	360	360	360	360	360	360	360	360	360	360	360	360	360	360	360	360	360	360	360	360	360	360	360	360	360	360	360	360	360	360	360	360	360	360	360	360	360	360	360	360	360	360	360	360	360	360	360	360	360	360	360	360	360	360	360	360	360	360	360	360	360	360	360	360	360	360	360	360	360	360	360	360	360	360	360	360	360	
initialRedundantCoverageValue-	2760	2280	2220	2640	2400	2700	2100	1740	3060	2040	2400	2520	1560	2400	2220	1920	2340	2220	2940	3060	1920	1800	2400	2340	2160	3300	2700	2340	3000	2100	1980	2520	2700	2700	2400	2340	2400	1860	2700	1860	2220	2580	2520	2700	2520	3180	2640	2460	2100	1980	2160	3240	2400	2280	1980	2640	2580	1740	2880	2400	2460	2400	1440	1920	2580	2700	2340	2460	2160	2820	2820	2400	2400	2040	2580	1980	3060	2280	2640	2760	1800	2880	2640	2280	2820	2400	2160	2820	2520	3060	2340	2880	2220	2160	2340	3180	1980	2760	2520	2340	
additionalPoiTime-------------	0.0
algorithmTime-----------------	1.33224854E7
serverTime--------------------	1.60993032E7
Total Transferred Metadata----	3537

Photo List Size: 4454
Gained Coverage %-------------	0.7100555555555556
Gained Redundancy %-----------	0.06479511913595515
Total Cluster Created---------	50
Total Transferred Photo-------	2576
Total Photo at Destination----	691
Coverage Group----------------	1-30	31-60	61-90	91-120	121-150	151-180	181-210	211-240	241-270	271-300	301-330	331-360	
Coverage Distribution---------	0	1	0	4	3	7	8	12	20	15	20	10	
Ratio Group-------------------	.0	.1	.2	.3	.4	.5	.6	.7	.8	.9	1.0	
Coverage Ratio----------------	0	0	1	0	6	8	10	20	20	25	10	
Redundant Ratio---------------	6	78	16	0	0	0	0	0	0	0	0	
NumberOfPoint Group-----------	0	1	2	3	4	5	6	7	8	9	10	11	12	13	14	
NumOfPoint Distribution-------	0	4	9	8	8	9	6	4	0	0	1	0	0	0	1	
SD Group----------------------	0-1	1-2	2-3	3-4	4-5	5-6	6-7	7-8	8-9	9-10	10-11	
SD Distribution---------------	50	1	0	2	4	5	13	12	9	2	2	
Half Coverage Group-----------	0-16038847	16038847-32077694	32077694-48116541	48116541-64155388	64155388-80194235	80194235-96233082	96233082-112271929	112271929-128310776	128310776-144349623	144349623-160388470	160388470-176427317	
Half Cvg Time Distribution----	1	13	64	7	1	0	0	0	0	0	0	
Transferred Photo Group-------	0-16038847	16038847-32077694	32077694-48116541	48116541-64155388	64155388-80194235	80194235-96233082	96233082-112271929	112271929-128310776	128310776-144349623	144349623-160388470	160388470-176427317	
Photo Time Distribution-------	540	2063	2638	1043	496	11	0	20	8	0	0	

Cvg&Red Distribution----------	0.0	2.0	3.2077694E7	6.4155388E7	1.28310776E8	1.6038847E8	9.6233082E7	
Average PhotoNum--------------	26.558659217877096	26.558659217877096	27.251396648044693	28.150837988826815	28.363128491620113	28.363128491620113	28.363128491620113	
Nodes Above Average-----------	101	101	95	87	86	86	86	
Nodes Below Average-----------	78	78	84	92	93	93	93	

Average Coverage--------------	1559.5418994413408	1559.5418994413408	1598.5754189944134	1646.2569832402235	1657.1005586592178	1657.1005586592178	1657.1005586592178	
Nodes Above Average-----------	103	103	98	90	90	90	90	
Nodes Below Average-----------	76	76	81	89	89	89	89	
Photos Above Average----------	33	33	35	37	38	38	38	
Photos Below Average----------	17	17	17	18	18	18	18	
Network Coverage--------------	36000	36000	36000	36000	36000	36000	36000	

Average Redundancy------------	33.977653631284916	33.977653631284916	36.50837988826816	42.79329608938548	44.687150837988824	44.687150837988824	44.687150837988824	
Nodes Above Average-----------	79	79	79	73	72	72	72	
Nodes Below Average-----------	100	100	100	106	107	107	107	
Photos Above Average----------	31	31	33	35	36	36	36	
Photos Below Average----------	22	22	22	22	22	22	22	
Network Redundancy------------	249240	249240	256680	266340	268620	268620	268620	

