Message stats for scenario S_3-Photo_5000-Scenario_4-ActualPOI_50
sim_time: 160388470.0000

Photo List Size: 4454
coverageValue-----------------	304	243	290	358	360	318	293	290	348	283	308	310	339	236	360	307	328	169	321	258	333	283	251	344	359	321	283	272	306	294	291	218	274	248	267	277	360	337	319	209	295	292	326	345	239	245	307	269	331	317	317	235	224	216	220	249	325	226	273	215	75	233	287	220	261	192	260	212	219	143	232	133	60	181	271	239	216	233	196	311	196	322	243	181	120	253	230	234	317	271	66	195	60	266	299	318	285	235	186	139	
redundantCoverageValue--------	176	177	190	182	240	222	127	130	312	137	292	170	381	244	300	293	212	71	99	162	267	137	109	256	241	219	77	28	114	126	9	82	86	172	153	143	180	203	101	91	245	248	274	195	301	175	293	211	149	223	223	65	136	84	140	291	335	134	87	85	105	187	253	80	159	108	100	28	141	97	68	167	0	119	269	61	204	127	104	109	104	158	297	179	0	227	130	126	163	89	54	105	0	94	121	282	195	65	114	41	
halfCoverageTime--------------	32159420.0	33906623.0	32686143.0	32181120.0	32008306.0	32181110.0	32868757.0	33906558.0	32061618.0	32868772.0	32154248.0	33007247.0	32264382.0	33906588.0	32008584.0	32061664.0	32761656.0	.0	32159183.0	33195319.0	32181045.0	32159385.0	33195304.0	33906543.0	32061654.0	33266782.0	32181105.0	32264587.0	33195249.0	32264262.0	64582411.0	32960315.0	32868707.0	63704188.0	32159108.0	63849929.0	32159128.0	31573415.0	32675978.0	64666159.0	32008444.0	32675990.0	31573460.0	32008356.0	32761726.0	32264372.0	32181040.0	32868742.0	32181100.0	32675966.0	32095134.0	33266759.0	63704248.0	32868767.0	64582391.0	31744045.0	32008509.0	33178415.0	32154278.0	32159173.0	.0	33195364.0	31573430.0	32761706.0	32761691.0	63704083.0	32181075.0	64582441.0	32264332.0	.0	32686183.0	.0	.0	32675996.0	32159148.0	33195309.0	32055763.0	32181030.0	31571790.0	32008402.0	32686093.0	32008579.0	32159475.0	64666119.0	.0	31571815.0	33906568.0	31744892.0	32181085.0	33298088.0	.0	63704193.0	.0	32008499.0	31571689.0	32264292.0	33195284.0	63163140.0	64732440.0	.0	
numberOfPoint-----------------	1	1	1	1	1	1	1	1	1	1	1	1	1	1	1	1	1	1	1	1	1	1	1	1	1	1	1	1	1	1	1	1	1	1	1	1	1	1	1	1	1	1	1	1	1	1	1	1	1	1	3	3	6	6	6	3	5	6	6	4	3	6	4	4	3	3	3	2	41	2	1	1	1	5	5	3	9	4	2	3	5	2	5	2	2	3	5	2	3	5	3	3	2	5	3	2	4	2	4	4	
standardDeviation-------------	.0	.0	.0	.0	.0	.0	.0	.0	.0	.0	.0	.0	.0	.0	.0	.0	.0	.0	.0	.0	.0	.0	.0	.0	.0	.0	.0	.0	.0	.0	.0	.0	.0	.0	.0	.0	.0	.0	.0	.0	.0	.0	.0	.0	.0	.0	.0	.0	.0	.0	7.95	8.34	8.17	9.45	9.9	3.89	4.72	7.31	9.53	6.76	8.73	7.89	9.26	6.16	5.65	6.58	6.74	5.23	6.14	7.34	2.38	.2	11.59	8.82	4.4	10.16	7.09	6.08	6.01	6.11	7.48	5.87	8.44	5.71	7.79	7.14	6.0	6.54	6.14	9.16	10.26	7.9	7.6	6.48	6.45	5.91	8.63	11.19	7.81	9.68	
initialCoverageValue----------	360	360	360	360	360	360	360	360	360	360	360	360	360	360	360	360	360	360	360	360	360	360	360	360	360	360	360	360	352	360	360	360	360	360	360	360	360	360	360	360	360	360	360	360	360	360	360	360	360	360	360	360	360	360	360	360	360	360	360	360	360	360	360	360	360	360	360	360	360	360	360	360	360	360	360	360	360	360	360	360	360	360	360	360	360	360	360	360	360	360	360	360	360	360	360	360	360	360	360	360	
initialRedundantCoverageValue-	2460	3120	3000	2520	2760	2520	2520	2340	2940	1980	2880	3000	3360	2100	3060	2580	2280	1620	1740	2460	2940	2340	2520	3300	1980	2580	2100	2280	1808	2520	1920	2220	2220	2820	2700	2460	2520	2220	2280	2520	1800	1920	2340	3060	2760	2100	2880	2040	2820	2940	2580	2160	2160	2040	2580	2460	2280	2400	2280	1680	2760	2400	2700	2820	1440	2400	2580	2280	2220	2760	2400	2760	2520	2340	2040	2220	2040	2340	2640	2460	2220	2580	2760	2700	2400	2640	1980	2400	1740	2760	1680	2640	1980	2040	2820	2520	2280	2700	2640	1920	
additionalPoiTime-------------	1.644094539E8
algorithmTime-----------------	1.44456926E7
serverTime--------------------	1.51008968E7
Total Transferred Metadata----	3533

Photo List Size: 4454
Gained Coverage %-------------	0.7202989553234052
Gained Redundancy %-----------	0.06535610513108367
Total Cluster Created---------	51
Total Transferred Photo-------	2669
Total Photo at Destination----	701
Coverage Group----------------	1-30	31-60	61-90	91-120	121-150	151-180	181-210	211-240	241-270	271-300	301-330	331-360	
Coverage Distribution---------	0	2	2	1	3	1	8	20	13	19	19	12	
Ratio Group-------------------	.0	.1	.2	.3	.4	.5	.6	.7	.8	.9	1.0	
Coverage Ratio----------------	0	0	3	1	4	1	12	22	18	24	15	
Redundant Ratio---------------	3	79	18	0	0	0	0	0	0	0	0	
NumberOfPoint Group-----------	0	1	2	3	4	5	6	7	8	9	10	11	12	13	14	15	16	17	18	19	20	21	22	23	24	25	26	27	28	29	30	31	32	33	34	35	36	37	38	39	40	41	
NumOfPoint Distribution-------	0	3	10	14	7	8	6	0	0	1	0	0	0	0	0	0	0	0	0	0	0	0	0	0	0	0	0	0	0	0	0	0	0	0	0	0	0	0	0	0	0	1	
SD Group----------------------	0-1	1-2	2-3	3-4	4-5	5-6	6-7	7-8	8-9	9-10	10-11	11-12	
SD Distribution---------------	51	0	1	1	2	6	12	11	6	6	2	2	
Half Coverage Group-----------	0-16038847	16038847-32077694	32077694-48116541	48116541-64155388	64155388-80194235	80194235-96233082	96233082-112271929	112271929-128310776	128310776-144349623	144349623-160388470	160388470-176427317	
Half Cvg Time Distribution----	0	20	59	6	6	0	0	0	0	0	0	
Transferred Photo Group-------	0-16038847	16038847-32077694	32077694-48116541	48116541-64155388	64155388-80194235	80194235-96233082	96233082-112271929	112271929-128310776	128310776-144349623	144349623-160388470	160388470-176427317	
Photo Time Distribution-------	570	3580	3625	2747	517	18	0	23	10	0	0	

Cvg&Red Distribution----------	0.0	2.0	3.2077694E7	6.4155388E7	1.28310776E8	1.6038847E8	9.6233082E7	
Average PhotoNum--------------	26.558659217877096	26.558659217877096	27.22905027932961	28.162011173184357	28.307262569832403	28.307262569832403	28.307262569832403	
Nodes Above Average-----------	101	101	94	85	84	84	84	
Nodes Below Average-----------	78	78	85	94	95	95	95	

Average Coverage--------------	1551.1117318435754	1551.1117318435754	1587.536312849162	1639.8156424581005	1647.7765363128492	1647.7765363128492	1647.7765363128492	
Nodes Above Average-----------	103	103	98	88	87	87	87	
Nodes Below Average-----------	76	76	81	91	92	92	92	
Photos Above Average----------	33	33	35	37	38	38	38	
Photos Below Average----------	17	17	17	18	18	18	18	
Network Coverage--------------	35992	35992	35992	35992	35992	35992	35992	

Average Redundancy------------	42.40782122905028	42.40782122905028	46.20670391061452	49.90502793296089	50.659217877094974	50.659217877094974	50.659217877094974	
Nodes Above Average-----------	76	76	74	73	74	74	74	
Nodes Below Average-----------	103	103	105	106	105	105	105	
Photos Above Average----------	32	32	34	36	36	36	36	
Photos Below Average----------	22	22	21	22	22	22	22	
Network Redundancy------------	249248	249248	256448	266468	268028	268028	268028	

