Message stats for scenario S_3-Photo_5000-Scenario_7-ActualPOI_50
sim_time: 160388470.0000

Photo List Size: 4454
coverageValue-----------------	268	310	300	356	273	281	320	227	310	218	238	308	290	353	211	318	302	310	286	306	328	315	359	304	225	254	296	269	302	257	246	323	270	303	255	145	288	239	271	300	277	338	235	321	125	305	316	275	344	321	236	360	312	229	217	263	225	295	324	325	342	245	230	328	156	280	287	292	329	243	267	266	344	290	316	166	287	328	322	358	321	249	277	304	334	281	260	285	325	307	332	249	290	305	311	269	329	263	315	295	
redundantCoverageValue--------	32	170	240	304	147	199	340	133	170	82	62	412	550	307	209	162	58	290	74	474	332	285	481	296	75	46	124	151	118	223	54	517	450	417	105	35	192	241	149	360	23	382	125	219	55	115	164	205	376	519	64	480	408	191	143	157	255	365	276	335	378	175	250	272	24	260	193	368	211	177	93	334	376	370	284	74	193	332	218	542	339	231	203	176	566	319	400	255	455	233	328	171	70	295	409	331	271	337	225	305	
halfCoverageTime--------------	32868747.0	32264367.0	32159465.0	32061684.0	33266764.0	33036185.0	32181180.0	32181185.0	32264332.0	33985392.0	64666134.0	33906558.0	32008614.0	32061674.0	33728321.0	32061724.0	32061613.0	33195259.0	32181115.0	32960367.0	32154293.0	32761778.0	32008290.0	32008469.0	33728429.0	63163212.0	32159118.0	63704298.0	64582411.0	31573330.0	33195274.0	32061649.0	32264247.0	31573365.0	33906568.0	.0	32761757.0	32181175.0	32159158.0	32159138.0	63163092.0	32008454.0	33906533.0	32008604.0	.0	32181190.0	33906578.0	32868712.0	32061644.0	32264317.0	63704293.0	32264362.0	32008351.0	63163176.0	33195284.0	63163128.0	31573405.0	32159123.0	32008258.0	32181065.0	33266834.0	31573395.0	32154273.0	33195314.0	.0	32061664.0	32008629.0	32154258.0	32264357.0	33985327.0	32868792.0	32686153.0	32761773.0	32159163.0	31571679.0	.0	32264447.0	32264312.0	32761726.0	32159178.0	32159485.0	32686203.0	32264302.0	33728394.0	32008464.0	33195249.0	32686128.0	32181100.0	31744887.0	31573425.0	63507510.0	32686133.0	32761711.0	31573420.0	32264307.0	32264607.0	32008243.0	32159405.0	31571760.0	32095144.0	
numberOfPoint-----------------	1	1	1	1	1	1	1	1	1	1	1	1	1	1	1	1	1	1	1	1	1	1	1	1	1	1	1	1	1	1	1	1	1	1	1	1	1	1	1	1	1	1	1	1	1	1	1	1	1	1	5	6	9	4	4	4	5	4	4	4	23	1	5	0	2	2	4	10	4	8	1	6	1	9	2	7	3	3	2	3	2	2	2	2	4	6	7	6	12	1	2	7	4	11	5	5	3	2	2	9	
standardDeviation-------------	.0	.0	.0	.0	.0	.0	.0	.0	.0	.0	.0	.0	.0	.0	.0	.0	.0	.0	.0	.0	.0	.0	.0	.0	.0	.0	.0	.0	.0	.0	.0	.0	.0	.0	.0	.0	.0	.0	.0	.0	.0	.0	.0	.0	.0	.0	.0	.0	.0	.0	4.65	7.74	7.89	6.41	6.04	8.13	8.28	6.0	7.48	4.19	6.43	7.09	5.44	.0	4.03	6.15	8.73	8.07	4.88	6.93	.54	7.32	1.28	6.93	7.49	5.32	8.86	8.17	7.66	6.17	7.68	6.32	5.58	7.52	8.12	4.1	7.96	5.87	8.41	3.2	5.32	5.41	7.34	4.99	6.7	7.27	5.3	9.94	7.1	7.5	
initialCoverageValue----------	360	360	360	360	360	360	360	360	360	360	360	360	360	360	360	360	360	360	360	360	360	360	360	360	360	360	360	360	360	360	360	360	360	360	360	360	360	360	360	360	360	360	360	360	360	360	360	360	360	360	360	360	360	360	360	360	360	360	360	360	360	360	360	360	360	360	360	360	360	360	360	360	360	360	360	360	357	360	360	360	360	360	360	360	360	360	360	360	360	360	360	360	360	360	358	360	360	360	360	360	
initialRedundantCoverageValue-	2220	2400	2280	2940	2160	2640	2940	2400	2040	2400	2400	3000	2700	2400	2280	1860	2100	2160	2220	2940	3360	2880	2940	2820	2460	2160	2280	3420	2460	2280	3060	2580	2340	1860	2580	2580	2100	2460	2100	2880	2400	2820	3240	2520	2400	2220	2760	2640	3420	2640	1920	2160	2160	1560	2460	2160	2160	2220	2580	2460	2100	2160	2400	2220	1920	2880	1860	2520	2460	2220	2100	2520	2220	2700	1920	2100	2163	2340	2580	2820	2220	2580	2580	2220	2160	2280	2700	2400	2040	1920	2880	2520	2160	2640	2282	2460	3120	1980	2400	2640	
additionalPoiTime-------------	1.829423727E8
algorithmTime-----------------	1.37748883E7
serverTime--------------------	1.39620895E7
Total Transferred Metadata----	3534

Photo List Size: 4454
Gained Coverage %-------------	0.793276844006112
Gained Redundancy %-----------	0.10258664968257555
Total Cluster Created---------	51
Total Transferred Photo-------	2817
Total Photo at Destination----	900
Coverage Group----------------	1-30	31-60	61-90	91-120	121-150	151-180	181-210	211-240	241-270	271-300	301-330	331-360	
Coverage Distribution---------	0	0	0	0	2	2	0	12	17	22	34	11	
Ratio Group-------------------	.0	.1	.2	.3	.4	.5	.6	.7	.8	.9	1.0	
Coverage Ratio----------------	0	0	0	0	1	3	1	16	24	37	18	
Redundant Ratio---------------	0	52	42	6	0	0	0	0	0	0	0	
NumberOfPoint Group-----------	0	1	2	3	4	5	6	7	8	9	10	11	12	13	14	15	16	17	18	19	20	21	22	23	
NumOfPoint Distribution-------	1	4	11	4	10	5	4	3	1	3	1	1	1	0	0	0	0	0	0	0	0	0	0	1	
SD Group----------------------	0-1	1-2	2-3	3-4	4-5	5-6	6-7	7-8	8-9	9-10	
SD Distribution---------------	52	1	0	1	6	7	10	14	8	1	
Half Coverage Group-----------	0-16038847	16038847-32077694	32077694-48116541	48116541-64155388	64155388-80194235	80194235-96233082	96233082-112271929	112271929-128310776	128310776-144349623	144349623-160388470	160388470-176427317	
Half Cvg Time Distribution----	0	26	61	7	2	0	0	0	0	0	0	
Transferred Photo Group-------	0-16038847	16038847-32077694	32077694-48116541	48116541-64155388	64155388-80194235	80194235-96233082	96233082-112271929	112271929-128310776	128310776-144349623	144349623-160388470	160388470-176427317	
Photo Time Distribution-------	540	3575	3848	2850	708	39	0	45	37	0	0	

Cvg&Red Distribution----------	0.0	2.0	3.2077694E7	6.4155388E7	1.28310776E8	1.6038847E8	9.6233082E7	
Average PhotoNum--------------	26.558659217877096	26.558659217877096	27.195530726256983	27.910614525139664	28.11173184357542	28.11173184357542	28.11173184357542	
Nodes Above Average-----------	101	101	94	90	81	81	81	
Nodes Below Average-----------	78	78	85	89	98	98	98	

Average Coverage--------------	1557.0055865921788	1557.0055865921788	1593.804469273743	1632.3966480446927	1643.9720670391062	1643.9720670391062	1643.9720670391062	
Nodes Above Average-----------	105	105	97	87	84	84	84	
Nodes Below Average-----------	74	74	82	92	95	95	95	
Photos Above Average----------	33	33	35	37	38	38	38	
Photos Below Average----------	16	16	17	18	18	18	18	
Network Coverage--------------	35967	35967	35967	35965	35965	35965	35965	

Average Redundancy------------	36.513966480446925	36.513966480446925	37.927374301675975	42.24022346368715	42.73184357541899	42.73184357541899	42.73184357541899	
Nodes Above Average-----------	83	83	84	75	76	76	76	
Nodes Below Average-----------	96	96	95	104	103	103	103	
Photos Above Average----------	32	32	34	36	37	37	37	
Photos Below Average----------	21	21	21	21	21	21	21	
Network Redundancy------------	249273	249273	256113	263795	265955	265955	265955	

