Message stats for scenario S_3-Photo_5000-Scenario_8-ActualPOI_50
sim_time: 160388470.0000

Photo List Size: 982
coverageValue-----------------	360	354	320	274	281	212	351	298	301	251	343	349	277	333	287	360	336	257	342	278	358	329	312	313	226	358	342	319	360	334	331	310	334	320	311	318	299	294	360	275	347	351	333	349	293	350	295	336	320	328	337	287	287	300	271	252	295	192	122	284	192	355	198	308	257	197	308	286	290	177	268	282	297	310	329	307	209	359	274	321	217	264	309	333	293	247	165	284	272	305	301	278	236	85	315	330	330	195	150	270	
redundantCoverageValue--------	660	426	160	386	319	268	609	422	359	229	497	551	263	627	313	420	444	223	618	142	602	271	408	107	314	422	678	101	480	206	449	470	326	400	289	162	181	246	600	205	313	549	567	431	127	490	125	324	460	272	143	193	73	240	329	348	125	168	58	256	108	305	42	112	283	103	232	134	430	183	272	258	243	170	451	293	91	181	206	219	83	216	291	387	247	293	15	256	148	355	179	262	304	35	225	330	150	105	150	210	
halfCoverageTime--------------	32181035.0	33728346.0	32264602.0	32761830.0	32061729.0	64582481.0	32008689.0	32061689.0	32761840.0	33906628.0	32008346.0	31571770.0	33985342.0	32264277.0	32159525.0	32008439.0	32154293.0	31573460.0	32061603.0	63850044.0	32159425.0	32686128.0	32264302.0	33266764.0	64139262.0	32159515.0	32008414.0	33728374.0	33266748.0	32264372.0	32264462.0	33195259.0	32159455.0	32008529.0	33178445.0	32686103.0	32264297.0	32868712.0	32008584.0	32264312.0	32008469.0	31571649.0	32159550.0	32159203.0	32181020.0	32264422.0	32264387.0	32008374.0	32686153.0	32181150.0	33985472.0	32008579.0	32264392.0	32675966.0	32159103.0	32181025.0	63704198.0	32181095.0	.0	32264257.0	64666328.0	31573375.0	63849979.0	32008614.0	63252370.0	32159173.0	32008321.0	32008351.0	32181115.0	.0	32181170.0	32008589.0	33195269.0	32761666.0	32181065.0	33728459.0	63704218.0	31573330.0	33195284.0	32159500.0	33728306.0	32761875.0	33985452.0	32008444.0	32264592.0	32761820.0	.0	32868787.0	32264442.0	32761737.0	32008356.0	33266776.0	33728384.0	.0	32181185.0	32008454.0	32159178.0	.0	.0	33266819.0	
numberOfPoint-----------------	1	1	1	1	1	1	1	1	1	1	1	1	1	1	1	1	1	1	1	1	1	1	1	1	1	1	1	1	1	1	1	1	1	1	1	1	1	1	1	1	1	1	1	1	1	1	1	1	1	1	2	3	1	1	1	0	1	2	1	1	1	2	2	1	1	3	2	1	3	0	2	2	2	1	1	2	2	1	2	2	0	1	1	2	2	1	1	1	1	2	1	2	1	0	2	2	1	0	2	1	
standardDeviation-------------	.0	.0	.0	.0	.0	.0	.0	.0	.0	.0	.0	.0	.0	.0	.0	.0	.0	.0	.0	.0	.0	.0	.0	.0	.0	.0	.0	.0	.0	.0	.0	.0	.0	.0	.0	.0	.0	.0	.0	.0	.0	.0	.0	.0	.0	.0	.0	.0	.0	.0	4.36	7.07	3.91	2.42	7.69	.0	1.8	9.67	4.7	1.63	5.69	6.07	1.32	11.32	8.34	8.24	7.6	1.64	8.59	.0	8.5	5.75	7.97	3.01	2.05	7.28	8.66	2.19	6.57	3.98	.0	4.37	4.72	14.62	5.43	2.77	8.99	4.14	8.21	5.12	1.43	10.36	2.12	.0	6.35	7.62	9.57	.0	7.18	9.02	
initialCoverageValue----------	360	360	360	360	360	360	360	360	360	360	360	360	360	360	360	360	360	360	360	360	360	360	360	360	360	360	360	360	360	360	360	360	360	360	360	360	360	360	360	360	360	360	360	360	360	360	360	360	360	360	360	360	360	360	360	360	360	360	360	360	360	360	360	360	360	360	360	360	360	360	360	360	360	360	360	360	360	360	360	360	360	360	360	360	360	360	360	360	360	360	360	360	360	360	360	360	360	360	360	360	
initialRedundantCoverageValue-	2760	2640	1920	2940	2400	1740	2520	2040	2640	1560	2520	2520	2640	2640	2280	2520	2160	2220	2460	2040	2580	2340	2460	2220	2520	2280	2460	2100	1980	2280	2760	2160	2100	2280	2400	2460	2100	2280	3240	2100	2760	2340	2700	3000	1860	2580	1980	2640	2400	2220	2400	2340	2940	2880	2820	2160	2820	2700	2280	3120	2460	2460	2100	2700	3120	2340	2760	2820	2640	2820	2400	2460	1920	1680	2940	3180	2100	1980	2880	2760	1860	2460	2580	2520	2340	2400	2220	1920	2340	2700	2580	2520	2880	1860	2280	2580	2460	2280	1860	2160	
additionalPoiTime-------------	109200.7
algorithmTime-----------------	1.3003003026784E10
serverTime--------------------	1778411.4
Total Transferred Metadata----	2465

Photo List Size: 982
Gained Coverage %-------------	0.8110833333333334
Gained Redundancy %-----------	0.11958189015338941
Total Cluster Created---------	0
Total Transferred Photo-------	27830
Total Photo at Destination----	1010
Coverage Group----------------	1-30	31-60	61-90	91-120	121-150	151-180	181-210	211-240	241-270	271-300	301-330	331-360	
Coverage Distribution---------	0	0	1	0	2	2	6	4	8	26	24	27	
Ratio Group-------------------	.0	.1	.2	.3	.4	.5	.6	.7	.8	.9	1.0	
Coverage Ratio----------------	0	0	0	1	1	3	7	6	21	29	32	
Redundant Ratio---------------	0	43	44	13	0	0	0	0	0	0	0	
NumberOfPoint Group-----------	0	1	2	3	
NumOfPoint Distribution-------	5	23	19	3	
SD Group----------------------	0-1	1-2	2-3	3-4	4-5	5-6	6-7	7-8	8-9	9-10	10-11	11-12	12-13	13-14	14-15	
SD Distribution---------------	55	5	5	3	5	4	3	7	7	3	1	1	0	0	1	
Half Coverage Group-----------	0-16038847	16038847-32077694	32077694-48116541	48116541-64155388	64155388-80194235	80194235-96233082	96233082-112271929	112271929-128310776	128310776-144349623	144349623-160388470	160388470-176427317	
Half Cvg Time Distribution----	0	24	62	6	2	0	0	0	0	0	0	
Transferred Photo Group-------	0-16038847	16038847-32077694	32077694-48116541	48116541-64155388	64155388-80194235	80194235-96233082	96233082-112271929	112271929-128310776	128310776-144349623	144349623-160388470	160388470-176427317	
Photo Time Distribution-------	5887	13664	17386	14824	7323	293	235	800	248	39	0	

Cvg&Red Distribution----------	0.0	2.0	3.2077694E7	6.4155388E7	1.28310776E8	1.6038847E8	9.6233082E7	
Average PhotoNum--------------	26.558659217877096	26.558659217877096	35.70949720670391	39.92178770949721	41.87709497206704	41.960893854748605	40.815642458100555	
Nodes Above Average-----------	101	101	96	123	135	135	129	
Nodes Below Average-----------	78	78	83	56	44	44	50	

Average Coverage--------------	1557.9608938547485	1557.9608938547485	2067.0	2305.167597765363	2412.4301675977654	2417.290502793296	2353.106145251397	
Nodes Above Average-----------	101	101	95	122	135	135	128	
Nodes Below Average-----------	78	78	84	57	44	44	51	
Photos Above Average----------	33	33	48	49	49	49	49	
Photos Below Average----------	17	17	21	18	17	17	18	
Network Coverage--------------	35998	35998	35998	35998	35998	35998	35998	

Average Redundancy------------	35.55865921787709	35.55865921787709	75.56983240223464	90.13966480446928	100.19553072625699	100.36312849162012	95.83240223463687	
Nodes Above Average-----------	72	72	74	75	80	80	80	
Nodes Below Average-----------	107	107	105	104	99	99	99	
Photos Above Average----------	30	30	46	49	49	49	49	
Photos Below Average----------	23	23	28	32	35	35	33	
Network Redundancy------------	249242	249242	347522	392762	413762	414662	402362	

