Message stats for scenario S_5-Photo_5000-Scenario_7-ActualPOI_50
sim_time: 160388470.0000

Photo List Size: 4391
coverageValue-----------------	360	183	312	237	331	319	214	242	290	263	219	182	228	348	268	248	284	360	316	263	180	280	224	288	264	277	341	242	349	291	213	212	291	344	326	348	310	259	306	250	236	146	196	206	222	271	231	255	302	279	340	316	286	360	243	349	276	273	245	332	238	338	329	351	310	255	189	349	260	292	249	316	275	282	319	360	254	216	321	283	289	301	288	293	310	340	259	256	316	295	172	155	313	282	217	229	234	360	346	319	
redundantCoverageValue--------	420	57	228	183	209	281	86	58	130	217	201	58	252	492	272	232	196	540	284	157	0	320	196	132	276	143	319	178	131	189	207	88	189	196	214	552	230	281	174	170	184	34	44	94	198	209	129	105	178	141	560	344	314	480	57	311	204	387	115	388	422	382	391	609	230	165	231	371	220	188	171	284	265	318	281	660	286	84	339	377	251	179	72	187	410	620	161	284	404	365	188	145	287	318	203	71	246	420	494	281	
halfCoverageTime--------------	32159375.0	63849924.0	32761691.0	63507454.0	63281894.0	32008258.0	33906558.0	32761773.0	32675966.0	63849939.0	33195349.0	64290752.0	33728286.0	31744035.0	32264432.0	32159480.0	32159520.0	32008499.0	32061704.0	32264612.0	33195279.0	32264297.0	32095154.0	32008380.0	31744892.0	33195304.0	31571674.0	32159525.0	32061674.0	33036185.0	64582446.0	63281989.0	32686113.0	32061699.0	32159430.0	32008574.0	32008534.0	32686143.0	33195339.0	32159203.0	32761721.0	.0	33384251.0	33266799.0	32686203.0	32868762.0	63507459.0	63507510.0	32686098.0	33985367.0	32264387.0	32055760.0	32159138.0	32008397.0	33298113.0	32159183.0	1313586.0	32761768.0	32159364.0	32868702.0	32061669.0	32008300.0	32154268.0	31571669.0	32061729.0	63850044.0	33728331.0	63507470.0	32264602.0	63271969.0	32675972.0	63507480.0	33906623.0	33728439.0	32159415.0	32008494.0	32264317.0	64290762.0	32686088.0	32761706.0	32264402.0	32686163.0	32061714.0	32264352.0	32761752.0	32264347.0	32868782.0	32264597.0	32264392.0	63281994.0	.0	.0	32264427.0	32159445.0	32008238.0	63849969.0	33728394.0	32154288.0	32008484.0	32868722.0	
numberOfPoint-----------------	1	1	1	1	1	1	1	1	1	1	1	1	1	1	1	1	1	1	1	1	1	1	1	1	1	1	1	1	1	1	1	1	1	1	1	1	1	1	1	1	1	1	1	1	1	1	1	1	1	1	4	3	8	2	3	3	2	5	3	3	8	4	1	3	3	2	3	5	6	1	9	6	5	5	4	3	3	3	7	3	7	4	6	3	3	5	2	1	4	3	2	6	4	3	7	5	2	3	5	2	
standardDeviation-------------	.0	.0	.0	.0	.0	.0	.0	.0	.0	.0	.0	.0	.0	.0	.0	.0	.0	.0	.0	.0	.0	.0	.0	.0	.0	.0	.0	.0	.0	.0	.0	.0	.0	.0	.0	.0	.0	.0	.0	.0	.0	.0	.0	.0	.0	.0	.0	.0	.0	.0	5.03	7.66	10.84	10.13	8.46	7.41	5.78	7.79	6.77	3.88	7.23	7.89	1.7	6.45	6.19	6.22	7.56	5.41	9.44	3.22	7.77	6.8	7.33	9.41	9.05	6.6	5.28	8.27	7.62	9.06	6.92	5.03	5.22	7.88	8.16	7.17	9.0	4.18	4.97	8.95	4.84	6.01	8.97	8.97	6.69	10.66	4.48	8.77	5.13	9.99	
initialCoverageValue----------	360	360	360	360	360	360	360	360	360	360	360	359	360	360	360	360	360	360	360	360	360	360	360	360	360	360	360	360	360	360	360	360	360	360	360	360	360	360	360	360	360	360	360	360	360	360	360	360	360	360	356	360	360	360	360	360	360	360	360	360	360	360	360	360	360	360	360	360	360	360	360	360	360	360	360	360	360	360	360	360	360	360	360	360	360	360	360	360	360	360	360	360	360	360	360	360	360	360	360	360	
initialRedundantCoverageValue-	2340	2220	2400	2220	2040	2700	2460	1800	1980	1920	2100	1561	2040	2340	2340	2100	2760	2760	2280	2280	2520	2280	2700	2220	1500	2520	3180	2100	1860	2820	2460	1860	2340	2760	2100	2940	2520	2580	2580	1800	2820	1800	2160	2520	2160	2700	2040	2040	2760	2640	2584	2640	2820	2820	2220	2520	2040	2700	2460	2340	2640	2460	2460	2700	2820	3240	1980	2040	2160	2580	2400	2760	2880	2880	3120	2940	3300	2340	2820	2400	2700	2880	2160	2760	2340	3780	2640	2820	2100	1860	2340	2460	2700	2340	2040	2700	1680	2340	2760	1920	
additionalPoiTime-------------	1.761719293E8
algorithmTime-----------------	1.10136706E7
serverTime--------------------	1.61617036E7
Total Transferred Metadata----	3415

Photo List Size: 4391
Gained Coverage %-------------	0.7719405472982359
Gained Redundancy %-----------	0.10305583526849017
Total Cluster Created---------	50
Total Transferred Photo-------	2835
Total Photo at Destination----	887
Coverage Group----------------	1-30	31-60	61-90	91-120	121-150	151-180	181-210	211-240	241-270	271-300	301-330	331-360	
Coverage Distribution---------	0	0	0	0	1	3	5	15	18	21	18	19	
Ratio Group-------------------	.0	.1	.2	.3	.4	.5	.6	.7	.8	.9	1.0	
Coverage Ratio----------------	0	0	0	0	0	4	9	18	25	23	21	
Redundant Ratio---------------	1	53	42	4	0	0	0	0	0	0	0	
NumberOfPoint Group-----------	0	1	2	3	4	5	6	7	8	9	
NumOfPoint Distribution-------	0	3	7	17	6	7	4	3	2	1	
SD Group----------------------	0-1	1-2	2-3	3-4	4-5	5-6	6-7	7-8	8-9	9-10	10-11	
SD Distribution---------------	50	1	0	2	4	7	9	11	8	5	3	
Half Coverage Group-----------	0-16038847	16038847-32077694	32077694-48116541	48116541-64155388	64155388-80194235	80194235-96233082	96233082-112271929	112271929-128310776	128310776-144349623	144349623-160388470	160388470-176427317	
Half Cvg Time Distribution----	1	21	59	13	3	0	0	0	0	0	0	
Transferred Photo Group-------	0-16038847	16038847-32077694	32077694-48116541	48116541-64155388	64155388-80194235	80194235-96233082	96233082-112271929	112271929-128310776	128310776-144349623	144349623-160388470	160388470-176427317	
Photo Time Distribution-------	540	3477	4442	1925	879	36	0	50	38	0	0	

Cvg&Red Distribution----------	0.0	2.0	3.2077694E7	6.4155388E7	1.28310776E8	1.6038847E8	9.6233082E7	
Average PhotoNum--------------	26.3954802259887	26.3954802259887	27.259887005649716	28.141242937853107	28.225988700564972	28.225988700564972	28.225988700564972	
Nodes Above Average-----------	99	99	94	85	84	84	84	
Nodes Below Average-----------	78	78	83	92	93	93	93	

Average Coverage--------------	1538.5480225988701	1538.5480225988701	1586.8079096045199	1636.0225988700565	1641.0734463276835	1641.0734463276835	1641.0734463276835	
Nodes Above Average-----------	101	101	98	87	85	85	85	
Nodes Below Average-----------	76	76	79	90	92	92	92	
Photos Above Average----------	33	33	35	38	38	38	38	
Photos Below Average----------	17	17	17	18	18	18	18	
Network Coverage--------------	35990	35990	35990	35990	35990	35990	35990	

Average Redundancy------------	45.18079096045198	45.18079096045198	48.78531073446328	52.451977401129945	52.48587570621469	52.48587570621469	52.48587570621469	
Nodes Above Average-----------	80	80	80	70	69	69	69	
Nodes Below Average-----------	97	97	97	107	108	108	108	
Photos Above Average----------	31	31	32	35	35	35	35	
Photos Below Average----------	22	22	22	23	23	23	23	
Network Redundancy------------	244330	244330	253510	262870	263770	263770	263770	

