Message stats for scenario S_5-Photo_5000-Scenario_5-ActualPOI_50
sim_time: 160388470.0000

Photo List Size: 4391
coverageValue-----------------	327	348	211	339	322	306	288	203	332	328	346	251	360	316	338	301	254	350	245	283	266	220	334	178	241	183	281	181	249	334	292	235	340	345	304	287	292	339	360	283	277	278	250	280	310	305	285	340	219	291	120	215	163	256	217	166	211	200	120	120	311	262	190	120	151	212	185	241	333	213	197	120	215	271	240	147	60	170	180	264	205	224	180	327	74	161	217	60	201	291	196	216	349	160	293	238	267	246	187	178	
redundantCoverageValue--------	213	252	89	261	278	114	192	217	148	152	194	109	180	224	382	59	46	190	175	197	154	80	206	182	179	57	259	239	111	266	128	185	200	315	236	133	128	321	300	137	203	142	110	140	110	355	135	200	81	189	0	85	77	164	83	14	29	40	0	0	109	38	110	0	29	28	115	239	507	387	163	0	145	89	300	33	0	190	120	36	95	256	0	453	46	19	83	0	99	309	104	204	131	80	247	122	153	54	53	242	
halfCoverageTime--------------	33266824.0	32159158.0	33906493.0	32159400.0	33266764.0	63281889.0	32868742.0	63281909.0	33728326.0	32008504.0	32264307.0	32675972.0	32264322.0	32008479.0	32154263.0	32675978.0	33906568.0	32686158.0	32264342.0	32761681.0	33298098.0	33266799.0	33178440.0	.0	32008424.0	33007252.0	32159415.0	64290697.0	32159173.0	32008494.0	32154253.0	33195264.0	32686178.0	32159364.0	31573465.0	32761716.0	32868712.0	32159410.0	32008519.0	32008549.0	33195314.0	33266829.0	33266814.0	32868697.0	32675990.0	32159103.0	33195254.0	32008438.0	64732430.0	32868707.0	.0	32761737.0	.0	32264417.0	32686143.0	.0	63626891.0	32264332.0	.0	.0	31573355.0	32061654.0	32008380.0	.0	.0	63197298.0	63704103.0	32264602.0	32159133.0	32159430.0	32008459.0	.0	32159203.0	32159380.0	32061603.0	.0	.0	.0	33195269.0	32159193.0	33195249.0	32686108.0	32159480.0	31571614.0	.0	.0	32008397.0	.0	64290667.0	32008326.0	33906558.0	63271974.0	32960330.0	.0	31744892.0	33178420.0	32264292.0	32008275.0	32960340.0	.0	
numberOfPoint-----------------	1	1	1	1	1	1	1	1	1	1	1	1	1	1	1	1	1	1	1	1	1	1	1	1	1	1	1	1	1	1	1	1	1	1	1	1	1	1	1	1	1	1	1	1	1	1	1	1	1	1	6	5	2	2	5	6	3	4	4	5	9	7	2	1	4	2	4	7	7	3	2	6	6	4	1	5	2	5	3	4	1	4	3	8	5	2	5	1	3	1	3	5	5	6	4	5	5	5	2	4	
standardDeviation-------------	.0	.0	.0	.0	.0	.0	.0	.0	.0	.0	.0	.0	.0	.0	.0	.0	.0	.0	.0	.0	.0	.0	.0	.0	.0	.0	.0	.0	.0	.0	.0	.0	.0	.0	.0	.0	.0	.0	.0	.0	.0	.0	.0	.0	.0	.0	.0	.0	.0	.0	9.38	6.33	6.2	5.96	8.41	6.18	7.93	8.96	7.46	6.08	6.34	6.75	4.67	.94	8.69	6.35	8.84	8.21	6.18	6.47	5.46	8.54	9.06	9.34	2.34	7.41	7.58	6.88	5.93	6.81	.71	7.82	5.4	6.51	6.11	7.57	6.55	1.9	4.22	4.59	7.74	5.14	6.0	5.72	9.59	4.39	7.98	8.16	5.15	6.3	
initialCoverageValue----------	360	360	360	360	360	360	360	360	360	360	360	360	360	360	360	360	360	360	360	360	360	352	360	360	360	360	360	360	360	360	360	360	360	360	360	360	360	360	360	360	360	360	360	356	360	360	360	360	360	360	360	360	360	360	360	360	360	360	360	360	360	360	360	360	360	360	360	360	360	360	360	360	360	360	360	360	360	360	360	360	360	360	360	360	360	360	360	360	360	360	360	360	360	360	360	360	360	360	360	360	
initialRedundantCoverageValue-	2640	2760	2520	2940	2880	2820	2640	2160	2400	2220	2640	2880	3120	2880	2880	3060	2340	2580	2460	2160	2580	2048	3060	2760	1980	2400	2340	2400	2700	2160	2100	2340	2280	2400	2400	2040	2220	2220	2700	2760	2340	2400	2580	2284	2940	2640	2040	2460	1560	1920	2040	2280	2520	2340	2340	2820	2100	2400	1680	2100	1800	2280	2400	2820	2220	2520	2400	2940	3000	2940	2220	2340	2340	2760	3000	2280	1980	2940	2100	2040	1860	2400	2400	2640	2340	1920	1980	1920	2040	2160	2940	1920	2580	1980	3480	1980	3120	2940	1860	2940	
additionalPoiTime-------------	0.0
algorithmTime-----------------	1.1232072E7
serverTime--------------------	1.77061135E7
Total Transferred Metadata----	3417

Photo List Size: 4391
Gained Coverage %-------------	0.6826442147382461
Gained Redundancy %-----------	0.061769636605690056
Total Cluster Created---------	50
Total Transferred Photo-------	2563
Total Photo at Destination----	661
Coverage Group----------------	1-30	31-60	61-90	91-120	121-150	151-180	181-210	211-240	241-270	271-300	301-330	331-360	
Coverage Distribution---------	0	2	1	5	1	10	11	15	13	15	11	16	
Ratio Group-------------------	.0	.1	.2	.3	.4	.5	.6	.7	.8	.9	1.0	
Coverage Ratio----------------	0	0	2	1	5	11	18	15	16	13	19	
Redundant Ratio---------------	8	78	14	0	0	0	0	0	0	0	0	
NumberOfPoint Group-----------	0	1	2	3	4	5	6	7	8	9	
NumOfPoint Distribution-------	0	5	8	6	9	12	5	3	1	1	
SD Group----------------------	0-1	1-2	2-3	3-4	4-5	5-6	6-7	7-8	8-9	9-10	
SD Distribution---------------	52	1	1	0	4	7	16	8	7	4	
Half Coverage Group-----------	0-16038847	16038847-32077694	32077694-48116541	48116541-64155388	64155388-80194235	80194235-96233082	96233082-112271929	112271929-128310776	128310776-144349623	144349623-160388470	160388470-176427317	
Half Cvg Time Distribution----	0	18	56	6	3	0	0	0	0	0	0	
Transferred Photo Group-------	0-16038847	16038847-32077694	32077694-48116541	48116541-64155388	64155388-80194235	80194235-96233082	96233082-112271929	112271929-128310776	128310776-144349623	144349623-160388470	160388470-176427317	
Photo Time Distribution-------	551	1993	2909	1130	561	20	0	17	10	0	0	

Cvg&Red Distribution----------	0.0	2.0	3.2077694E7	6.4155388E7	1.28310776E8	1.6038847E8	9.6233082E7	
Average PhotoNum--------------	26.3954802259887	26.3954802259887	27.26553672316384	28.316384180790962	28.491525423728813	28.491525423728813	28.491525423728813	
Nodes Above Average-----------	99	99	94	86	85	85	85	
Nodes Below Average-----------	78	78	83	91	92	92	92	

Average Coverage--------------	1545.4802259887006	1545.4802259887006	1593.553672316384	1650.4350282485875	1660.8135593220338	1660.8135593220338	1660.8135593220338	
Nodes Above Average-----------	100	100	97	88	87	87	87	
Nodes Below Average-----------	77	77	80	89	90	90	90	
Photos Above Average----------	33	33	35	38	38	38	38	
Photos Below Average----------	17	17	17	18	18	18	18	
Network Coverage--------------	35988	35988	35988	35988	35988	35988	35988	

Average Redundancy------------	38.24858757062147	38.24858757062147	42.378531073446325	48.548022598870055	48.67796610169491	48.67796610169491	48.67796610169491	
Nodes Above Average-----------	76	76	74	69	69	69	69	
Nodes Below Average-----------	101	101	103	108	108	108	108	
Photos Above Average----------	31	31	33	36	37	37	37	
Photos Below Average----------	22	22	22	23	22	22	22	
Network Redundancy------------	244332	244332	253572	264732	266592	266592	266592	

