Message stats for scenario S_5-Photo_5000-Scenario_8-ActualPOI_50
sim_time: 160388470.0000

Photo List Size: 946
coverageValue-----------------	303	321	307	360	357	331	303	253	337	346	340	319	356	332	310	347	316	342	302	224	342	302	315	292	324	306	304	308	332	264	279	354	263	254	358	286	293	319	145	294	292	259	323	268	281	342	350	329	296	224	184	216	263	344	192	249	316	307	260	223	300	258	157	294	264	340	170	277	249	253	317	252	298	318	301	243	230	185	161	163	253	331	268	294	288	322	127	303	340	282	60	250	282	241	219	240	282	206	250	244	
redundantCoverageValue--------	477	339	233	660	543	509	417	167	563	434	560	341	304	448	170	853	344	378	358	196	258	538	585	128	336	234	236	292	508	276	381	426	397	106	662	194	247	221	95	546	248	161	397	152	319	558	490	571	304	136	56	144	217	256	48	231	404	353	100	137	420	102	143	126	276	380	70	143	111	527	223	48	482	282	299	57	250	55	139	17	167	209	152	246	192	398	53	177	440	138	0	50	258	179	141	60	258	154	50	116	
halfCoverageTime--------------	32159168.0	33985312.0	32008243.0	31571720.0	32055760.0	32154268.0	33384246.0	32061684.0	32159148.0	32008529.0	32008238.0	32008669.0	31573400.0	32061659.0	32264452.0	32061634.0	32095119.0	33728281.0	32159420.0	33298093.0	32868732.0	32061613.0	32264607.0	33195369.0	31573300.0	33195309.0	33906513.0	32689060.0	32154273.0	63281959.0	63281899.0	32061654.0	32675972.0	32159555.0	31573315.0	32761835.0	32061679.0	33195339.0	.0	32686173.0	33384271.0	32686123.0	32675978.0	33985387.0	32761820.0	32159545.0	32008280.0	32686198.0	32159400.0	33195314.0	33906543.0	64290727.0	32154298.0	32761691.0	63626951.0	33985352.0	32686163.0	33007247.0	33728331.0	33728449.0	32061751.0	63281934.0	.0	63281949.0	32061674.0	32008694.0	.0	32154258.0	32008397.0	32008689.0	32264367.0	63777516.0	32008614.0	32686193.0	33728484.0	63627031.0	32264447.0	64732445.0	.0	.0	33985362.0	32868787.0	32159118.0	32061731.0	32264262.0	32264407.0	.0	32154253.0	33906508.0	32264397.0	.0	32264422.0	32264297.0	64290817.0	63281924.0	64582601.0	31571815.0	33195279.0	33728336.0	32159430.0	
numberOfPoint-----------------	1	1	1	1	1	1	1	1	1	1	1	1	1	1	1	1	1	1	1	1	1	1	1	1	1	1	1	1	1	1	1	1	1	1	1	1	1	1	1	1	1	1	1	1	1	1	1	1	1	1	0	1	2	2	0	1	1	3	1	1	3	1	1	2	1	1	1	3	1	2	1	1	3	1	0	1	1	0	1	0	1	2	2	1	0	2	0	2	2	1	0	0	2	1	2	0	2	1	2	1	
standardDeviation-------------	.0	.0	.0	.0	.0	.0	.0	.0	.0	.0	.0	.0	.0	.0	.0	.0	.0	.0	.0	.0	.0	.0	.0	.0	.0	.0	.0	.0	.0	.0	.0	.0	.0	.0	.0	.0	.0	.0	.0	.0	.0	.0	.0	.0	.0	.0	.0	.0	.0	.0	.0	4.19	6.2	7.51	.0	9.4	.99	9.01	2.06	6.79	8.13	6.39	6.52	5.68	4.92	3.06	8.63	9.26	9.26	7.04	3.86	5.22	7.37	6.0	.0	5.4	7.22	.0	6.84	.0	6.6	6.34	10.24	4.34	.0	4.73	.0	5.67	5.57	7.32	.0	.0	8.92	5.87	11.62	.0	5.67	8.68	8.62	13.16	
initialCoverageValue----------	360	360	360	360	360	360	360	360	360	360	360	360	360	360	360	360	360	360	360	360	360	360	360	360	360	360	360	360	360	360	360	360	360	360	360	360	360	360	360	360	360	360	360	360	360	360	360	360	360	360	360	360	360	360	360	360	360	360	360	360	360	360	360	360	360	360	360	360	360	360	360	360	360	360	360	360	360	360	360	360	360	360	360	360	360	360	360	360	360	360	360	360	360	360	360	360	360	360	360	360	
initialRedundantCoverageValue-	2760	2400	2280	1920	2160	2580	2460	2280	2460	2820	2580	2760	2040	2460	2460	2520	2700	2520	2340	2520	2220	2640	2880	1860	2460	2400	2100	2400	2160	2820	2580	2040	2520	1740	2940	2880	1980	2460	2640	3120	1740	2340	2880	2460	2640	2760	2280	3060	2340	2160	2520	2160	2460	2400	2940	3120	2400	2520	2040	2700	2700	2400	1920	2100	2280	2280	2400	2400	2820	2640	2700	1860	2340	2520	2400	2460	2700	2160	2100	2160	1920	2640	2280	1800	2700	2040	2280	1620	3360	2700	1980	2400	2220	2760	2640	2580	3120	2640	2280	2100	
additionalPoiTime-------------	46800.3
algorithmTime-----------------	1.2505847870556E10
serverTime--------------------	1669210.7
Total Transferred Metadata----	2399

Photo List Size: 946
Gained Coverage %-------------	0.7769444444444444
Gained Redundancy %-----------	0.11444197713627766
Total Cluster Created---------	0
Total Transferred Photo-------	26685
Total Photo at Destination----	1006
Coverage Group----------------	1-30	31-60	61-90	91-120	121-150	151-180	181-210	211-240	241-270	271-300	301-330	331-360	
Coverage Distribution---------	0	1	0	0	2	4	4	7	21	17	24	20	
Ratio Group-------------------	.0	.1	.2	.3	.4	.5	.6	.7	.8	.9	1.0	
Coverage Ratio----------------	0	0	1	0	1	5	5	14	21	32	21	
Redundant Ratio---------------	1	47	39	11	2	0	0	0	0	0	0	
NumberOfPoint Group-----------	0	1	2	3	
NumOfPoint Distribution-------	10	23	13	4	
SD Group----------------------	0-1	1-2	2-3	3-4	4-5	5-6	6-7	7-8	8-9	9-10	10-11	11-12	12-13	13-14	
SD Distribution---------------	61	0	1	2	4	7	8	5	5	4	1	1	0	1	
Half Coverage Group-----------	0-16038847	16038847-32077694	32077694-48116541	48116541-64155388	64155388-80194235	80194235-96233082	96233082-112271929	112271929-128310776	128310776-144349623	144349623-160388470	160388470-176427317	
Half Cvg Time Distribution----	0	24	57	8	4	0	0	0	0	0	0	
Transferred Photo Group-------	0-16038847	16038847-32077694	32077694-48116541	48116541-64155388	64155388-80194235	80194235-96233082	96233082-112271929	112271929-128310776	128310776-144349623	144349623-160388470	160388470-176427317	
Photo Time Distribution-------	5953	13059	17139	13522	7277	297	203	830	270	34	0	

Cvg&Red Distribution----------	0.0	2.0	3.2077694E7	6.4155388E7	1.28310776E8	1.6038847E8	9.6233082E7	
Average PhotoNum--------------	26.3954802259887	26.3954802259887	35.70056497175141	39.96045197740113	41.824858757062145	41.909604519774014	40.779661016949156	
Nodes Above Average-----------	99	99	96	123	133	133	127	
Nodes Below Average-----------	78	78	81	54	44	44	50	

Average Coverage--------------	1543.9322033898304	1543.9322033898304	2058.225988700565	2294.2542372881358	2394.19209039548	2398.0508474576272	2333.8474576271187	
Nodes Above Average-----------	101	101	97	122	133	133	126	
Nodes Below Average-----------	76	76	80	55	44	44	51	
Photos Above Average----------	33	33	47	49	49	49	49	
Photos Below Average----------	17	17	20	18	17	18	18	
Network Coverage--------------	35998	35998	35998	35998	35998	35998	35998	

Average Redundancy------------	39.79661016949152	39.79661016949152	83.80790960451978	103.37288135593221	115.29943502824858	116.52542372881356	112.9322033898305	
Nodes Above Average-----------	78	78	74	86	84	82	81	
Nodes Below Average-----------	99	99	103	91	93	95	96	
Photos Above Average----------	30	30	46	49	49	49	49	
Photos Below Average----------	23	23	28	31	35	35	33	
Network Redundancy------------	244322	244322	343142	388382	408182	409082	397082	

