Message stats for scenario S_5-Photo_5000-Scenario_4-ActualPOI_50
sim_time: 160388470.0000

Photo List Size: 4391
coverageValue-----------------	282	259	352	134	357	139	325	180	308	310	285	285	230	237	239	325	323	275	319	348	319	276	226	297	247	213	319	276	291	192	281	320	258	270	308	234	286	325	222	283	310	302	311	292	360	198	349	304	360	327	247	186	180	192	265	264	207	271	120	222	231	274	231	250	226	283	298	120	220	213	324	258	186	193	120	201	276	203	270	196	162	255	122	230	138	217	210	288	216	224	304	166	155	215	263	180	297	272	120	223	
redundantCoverageValue--------	138	101	248	106	303	41	275	0	292	230	135	315	70	123	181	95	217	85	221	192	221	144	194	183	173	27	221	84	189	108	199	100	282	90	232	126	134	275	198	317	230	298	169	128	300	42	131	236	180	213	113	54	60	168	95	216	93	149	0	78	69	386	129	110	74	437	182	0	80	327	216	162	174	47	0	99	204	97	30	224	18	45	58	250	42	83	90	132	144	316	236	14	85	145	97	0	123	208	0	197	
halfCoverageTime--------------	31573420.0	32264252.0	31573465.0	.0	32159364.0	.0	32527451.0	63626881.0	32159485.0	32008424.0	32686103.0	32154253.0	32159470.0	63281909.0	33266788.0	32095144.0	32061709.0	33298113.0	32154243.0	32761661.0	32008494.0	33266824.0	64732435.0	63777521.0	33906583.0	63855716.0	32061618.0	32159183.0	32008509.0	63777516.0	32095129.0	33728331.0	33728358.0	63281874.0	32686198.0	33266776.0	31573450.0	32264242.0	33728281.0	63507464.0	32264607.0	32264372.0	32159405.0	33178435.0	32061659.0	63777501.0	32264327.0	32264392.0	31573315.0	32264247.0	63507454.0	63507439.0	32008604.0	64219925.0	33266794.0	32154248.0	63507470.0	32008275.0	.0	63507475.0	32761686.0	31573360.0	32264267.0	33178430.0	63281879.0	32008306.0	32159148.0	.0	33178425.0	32008419.0	32008429.0	63626851.0	32686163.0	32061608.0	.0	.0	32159425.0	32008504.0	31571785.0	33728364.0	.0	32868762.0	.0	32264337.0	.0	33906558.0	32061694.0	32264377.0	63197298.0	32264352.0	32159410.0	.0	.0	32868782.0	32761768.0	63849949.0	31571760.0	32686093.0	.0	32008514.0	
numberOfPoint-----------------	1	1	1	1	1	1	1	1	1	1	1	1	1	1	1	1	1	1	1	1	1	1	1	1	1	1	1	1	1	1	1	1	1	1	1	1	1	1	1	1	1	1	1	1	1	1	1	1	1	1	4	4	2	5	1	3	8	2	5	5	6	2	9	3	5	4	4	6	5	6	18	2	4	6	2	4	7	2	2	8	6	4	6	3	1	2	4	2	4	4	7	2	2	2	2	2	3	4	1	4	
standardDeviation-------------	.0	.0	.0	.0	.0	.0	.0	.0	.0	.0	.0	.0	.0	.0	.0	.0	.0	.0	.0	.0	.0	.0	.0	.0	.0	.0	.0	.0	.0	.0	.0	.0	.0	.0	.0	.0	.0	.0	.0	.0	.0	.0	.0	.0	.0	.0	.0	.0	.0	.0	5.15	5.36	11.48	8.12	.71	7.67	7.0	5.53	8.99	4.51	6.53	5.35	4.97	7.63	7.64	3.61	8.4	5.15	5.47	5.96	6.21	6.53	7.38	7.17	5.47	4.77	8.39	6.01	4.39	7.59	3.76	7.44	9.33	5.0	6.35	6.59	10.22	6.28	6.02	6.45	7.05	3.42	9.49	5.59	6.1	6.25	6.87	8.43	.71	7.38	
initialCoverageValue----------	360	360	360	360	360	360	360	360	360	360	360	360	360	360	360	360	360	360	360	360	360	360	360	360	360	360	360	360	360	360	360	360	360	360	360	360	360	360	360	360	360	360	360	360	360	360	360	360	360	360	360	360	360	360	360	360	360	360	360	360	360	360	360	360	360	360	360	360	360	360	360	360	360	360	360	360	360	360	360	360	360	360	360	360	360	360	360	360	360	360	360	360	360	360	360	360	360	360	360	360	
initialRedundantCoverageValue-	1860	2160	2820	2100	1980	1500	2700	2700	2520	2460	2040	1620	1920	2520	2220	2220	2340	2940	1740	2400	2700	2100	2700	2880	2760	1740	3120	2460	2460	3060	2520	2940	1800	2400	2940	2580	2400	2340	2820	2460	2280	2520	2700	2400	2640	1860	2100	2340	3480	2640	2400	1800	2340	2520	1620	2400	2520	1980	2820	2460	2580	3240	2580	2340	2220	2640	2400	2280	2820	2880	2160	2280	2640	2940	2280	2520	2520	2220	2040	2220	1740	2160	2580	2220	1800	2940	2400	1800	2400	2160	3240	2040	2580	2400	2820	2400	2760	3060	2520	2820	
additionalPoiTime-------------	1.872324002E8
algorithmTime-----------------	1.12008718E7
serverTime--------------------	1.87513202E7
Total Transferred Metadata----	3414

Photo List Size: 4391
Gained Coverage %-------------	0.6958888888888889
Gained Redundancy %-----------	0.06249174917491749
Total Cluster Created---------	51
Total Transferred Photo-------	2667
Total Photo at Destination----	673
Coverage Group----------------	1-30	31-60	61-90	91-120	121-150	151-180	181-210	211-240	241-270	271-300	301-330	331-360	
Coverage Distribution---------	0	0	0	4	4	6	11	19	12	20	18	6	
Ratio Group-------------------	.0	.1	.2	.3	.4	.5	.6	.7	.8	.9	1.0	
Coverage Ratio----------------	0	0	0	0	8	6	15	18	24	19	10	
Redundant Ratio---------------	6	76	18	0	0	0	0	0	0	0	0	
NumberOfPoint Group-----------	0	1	2	3	4	5	6	7	8	9	10	11	12	13	14	15	16	17	18	
NumOfPoint Distribution-------	0	3	14	4	12	5	6	2	2	1	0	0	0	0	0	0	0	0	1	
SD Group----------------------	0-1	1-2	2-3	3-4	4-5	5-6	6-7	7-8	8-9	9-10	10-11	11-12	
SD Distribution---------------	52	0	0	3	4	10	12	10	5	2	1	1	
Half Coverage Group-----------	0-16038847	16038847-32077694	32077694-48116541	48116541-64155388	64155388-80194235	80194235-96233082	96233082-112271929	112271929-128310776	128310776-144349623	144349623-160388470	160388470-176427317	
Half Cvg Time Distribution----	0	22	48	16	2	0	0	0	0	0	0	
Transferred Photo Group-------	0-16038847	16038847-32077694	32077694-48116541	48116541-64155388	64155388-80194235	80194235-96233082	96233082-112271929	112271929-128310776	128310776-144349623	144349623-160388470	160388470-176427317	
Photo Time Distribution-------	584	3455	4002	1620	789	13	0	15	12	0	0	

Cvg&Red Distribution----------	0.0	2.0	3.2077694E7	6.4155388E7	1.28310776E8	1.6038847E8	9.6233082E7	
Average PhotoNum--------------	26.3954802259887	26.3954802259887	27.259887005649716	28.1864406779661	28.389830508474578	28.389830508474578	28.389830508474578	
Nodes Above Average-----------	99	99	94	86	85	85	85	
Nodes Below Average-----------	78	78	83	91	92	92	92	

Average Coverage--------------	1544.6892655367233	1544.6892655367233	1591.9265536723165	1647.2146892655367	1659.1468926553673	1659.1468926553673	1659.1468926553673	
Nodes Above Average-----------	101	101	97	87	85	85	85	
Nodes Below Average-----------	76	76	80	90	92	92	92	
Photos Above Average----------	33	33	35	37	38	38	38	
Photos Below Average----------	17	17	17	18	18	18	18	
Network Coverage--------------	36000	36000	36000	36000	36000	36000	36000	

Average Redundancy------------	39.03954802259887	39.03954802259887	43.666666666666664	43.97175141242938	44.24293785310734	44.24293785310734	44.24293785310734	
Nodes Above Average-----------	74	74	74	80	80	80	80	
Nodes Below Average-----------	103	103	103	97	97	97	97	
Photos Above Average----------	32	32	33	36	36	36	36	
Photos Below Average----------	22	22	22	21	21	21	21	
Network Redundancy------------	244320	244320	253500	263340	265500	265500	265500	

