Message stats for scenario S_5-Photo_5000-Scenario_6-ActualPOI_50
sim_time: 160388470.0000

Photo List Size: 976
coverageValue-----------------	345	225	358	309	360	359	273	186	286	216	295	302	318	271	288	351	204	322	326	264	67	356	274	273	350	304	327	300	306	282	280	322	359	326	209	218	298	334	339	288	177	282	120	287	330	211	331	338	287	281	259	220	322	274	341	236	320	275	340	274	247	239	261	313	271	315	355	310	256	305	315	301	354	219	185	233	328	360	249	232	244	314	260	347	333	284	242	360	337	335	222	275	322	252	292	271	335	228	295	242	
redundantCoverageValue--------	375	315	362	291	420	541	147	414	254	84	305	658	342	209	372	489	36	458	334	156	53	484	206	267	550	176	573	240	354	198	800	398	361	454	151	142	242	446	141	432	63	78	0	373	330	89	389	322	193	319	401	320	398	266	319	184	220	205	320	86	293	121	279	167	269	285	605	410	104	355	225	299	366	201	55	127	332	480	51	68	116	466	220	433	327	136	178	540	863	325	138	205	158	108	248	89	445	192	185	418	
halfCoverageTime--------------	32264342.0	32868787.0	31573380.0	32686088.0	33266770.0	32264407.0	33728291.0	33298113.0	32264272.0	33985307.0	33007252.0	31573325.0	32264367.0	32159480.0	31573365.0	32008549.0	63777536.0	2334794.0	32686093.0	64290772.0	.0	32159380.0	33195339.0	32095144.0	2334842.0	33266754.0	32159118.0	32061603.0	31571684.0	32686123.0	33728358.0	2334914.0	32159370.0	32008238.0	33728301.0	64290797.0	32159163.0	32264297.0	32761721.0	32264352.0	.0	63626966.0	.0	31571790.0	32960467.0	63281929.0	32061659.0	32061704.0	32008253.0	32008368.0	32159148.0	63281899.0	32061618.0	33532159.0	31571629.0	32008454.0	32159490.0	33906608.0	32095129.0	33195364.0	32154263.0	64139257.0	32159395.0	33906618.0	32264247.0	31573335.0	32761716.0	33384296.0	33205502.0	31571714.0	32008270.0	33384261.0	32008351.0	32960330.0	64290837.0	33384411.0	32686118.0	32061699.0	63507530.0	32008524.0	32761800.0	31571765.0	32686103.0	33195269.0	32761778.0	33728326.0	32868717.0	32008459.0	31573415.0	32061628.0	63777506.0	32264412.0	32761737.0	32686148.0	32761666.0	32960509.0	32061694.0	32264322.0	33195329.0	33906533.0	
numberOfPoint-----------------	1	1	1	1	1	1	1	1	1	1	1	1	1	1	1	1	1	1	1	1	1	1	1	1	1	1	1	1	1	1	1	1	1	1	1	1	1	1	1	1	1	1	1	1	1	1	1	1	1	1	1	1	1	1	1	1	2	1	3	2	1	1	1	3	1	1	3	1	1	1	1	2	2	2	0	1	2	1	1	1	1	1	1	2	2	2	3	2	3	1	0	1	2	1	1	2	2	3	3	2	
standardDeviation-------------	.0	.0	.0	.0	.0	.0	.0	.0	.0	.0	.0	.0	.0	.0	.0	.0	.0	.0	.0	.0	.0	.0	.0	.0	.0	.0	.0	.0	.0	.0	.0	.0	.0	.0	.0	.0	.0	.0	.0	.0	.0	.0	.0	.0	.0	.0	.0	.0	.0	.0	1.21	5.92	1.5	1.2	3.78	5.2	8.67	7.92	7.65	10.65	3.44	4.48	4.09	8.25	7.16	2.44	10.96	3.01	5.03	3.83	2.61	5.92	9.91	8.3	.0	6.63	5.59	1.88	.99	2.12	12.49	3.31	9.42	6.28	10.3	5.42	10.45	6.45	7.74	4.78	.0	4.78	4.9	7.65	3.39	7.48	11.61	8.07	7.29	8.38	
initialCoverageValue----------	360	360	360	360	360	360	360	360	360	360	360	360	360	360	360	360	360	360	360	360	360	360	360	360	360	360	360	360	360	360	360	360	360	360	360	360	360	360	360	360	360	360	360	360	360	360	360	360	360	360	360	360	360	360	360	360	360	360	360	360	360	360	360	360	360	360	360	360	360	360	360	360	360	360	360	360	360	360	360	360	360	360	344	360	360	360	360	360	360	360	360	360	360	360	360	360	360	360	360	360	
initialRedundantCoverageValue-	2520	2160	2580	2280	2520	3240	2760	1980	2760	1920	2220	2880	2460	3060	1980	2760	2100	2340	2700	2280	1440	2220	1980	2400	2760	2940	2700	2040	2880	3060	2700	2460	2940	2160	2640	2580	2520	2580	2220	1980	2220	1860	1740	2400	2520	2700	2700	2580	2640	3120	2340	2520	2100	3000	2820	2100	1740	2640	2100	2160	2160	2460	2460	2160	2220	2640	2940	2520	1860	2340	2160	1860	1980	2760	2640	1980	3120	2880	2400	2520	2160	2880	2056	2700	3000	2640	1500	2880	2880	3240	2700	1860	1860	2460	2700	2100	1980	2520	2160	2520	
additionalPoiTime-------------	78000.5
algorithmTime-----------------	4.707642177E8
serverTime--------------------	3525622.6
Total Transferred Metadata----	2817

Photo List Size: 976
Gained Coverage %-------------	0.7951589595375722
Gained Redundancy %-----------	0.11901574997125917
Total Cluster Created---------	0
Total Transferred Photo-------	4159
Total Photo at Destination----	1005
Coverage Group----------------	1-30	31-60	61-90	91-120	121-150	151-180	181-210	211-240	241-270	271-300	301-330	331-360	
Coverage Distribution---------	0	0	1	1	0	1	4	12	11	25	22	23	
Ratio Group-------------------	.0	.1	.2	.3	.4	.5	.6	.7	.8	.9	1.0	
Coverage Ratio----------------	0	0	1	0	1	1	6	16	25	22	28	
Redundant Ratio---------------	1	38	51	10	0	0	0	0	0	0	0	
NumberOfPoint Group-----------	0	1	2	3	
NumOfPoint Distribution-------	2	27	14	7	
SD Group----------------------	0-1	1-2	2-3	3-4	4-5	5-6	6-7	7-8	8-9	9-10	10-11	11-12	12-13	
SD Distribution---------------	53	4	3	6	5	6	3	7	5	2	4	1	1	
Half Coverage Group-----------	0-16038847	16038847-32077694	32077694-48116541	48116541-64155388	64155388-80194235	80194235-96233082	96233082-112271929	112271929-128310776	128310776-144349623	144349623-160388470	160388470-176427317	
Half Cvg Time Distribution----	3	26	58	7	3	0	0	0	0	0	0	
Transferred Photo Group-------	0-16038847	16038847-32077694	32077694-48116541	48116541-64155388	64155388-80194235	80194235-96233082	96233082-112271929	112271929-128310776	128310776-144349623	144349623-160388470	160388470-176427317	
Photo Time Distribution-------	558	3335	5762	2626	1075	27	0	49	25	0	0	

Cvg&Red Distribution----------	0.0	2.0	3.2077694E7	6.4155388E7	1.28310776E8	1.6038847E8	9.6233082E7	
Average PhotoNum--------------	26.3954802259887	26.3954802259887	28.016949152542374	30.627118644067796	30.858757062146893	30.858757062146893	30.7909604519774	
Nodes Above Average-----------	99	99	87	79	81	81	80	
Nodes Below Average-----------	78	78	90	98	96	96	97	

Average Coverage--------------	1538.734463276836	1538.734463276836	1629.3954802259886	1771.6440677966102	1784.5084745762713	1784.5084745762713	1780.4406779661017	
Nodes Above Average-----------	102	102	89	77	78	78	78	
Nodes Below Average-----------	75	75	88	100	99	99	99	
Photos Above Average----------	33	33	37	44	44	44	44	
Photos Below Average----------	16	16	18	20	20	20	20	
Network Coverage--------------	35984	35984	35984	35978	35978	35978	35978	

Average Redundancy------------	44.994350282485875	44.994350282485875	51.621468926553675	65.98305084745763	67.01694915254237	67.01694915254237	67.01694915254237	
Nodes Above Average-----------	80	80	78	69	70	70	70	
Nodes Below Average-----------	97	97	99	108	107	107	107	
Photos Above Average----------	31	31	35	44	44	44	44	
Photos Below Average----------	21	21	22	21	21	21	21	
Network Redundancy------------	244336	244336	261556	289282	291742	291742	291022	

