Message stats for scenario S_7-Photo_5000-Scenario_7-ActualPOI_50
sim_time: 160388470.0000

Photo List Size: 4329
coverageValue-----------------	248	346	304	338	300	312	227	343	262	318	196	318	269	345	301	272	262	251	212	332	337	360	350	323	342	360	333	294	306	292	355	360	302	321	294	246	247	320	223	253	313	208	214	328	360	254	206	195	331	232	334	320	340	207	251	352	246	319	272	360	310	200	329	354	239	302	319	317	346	345	242	254	347	333	293	356	286	294	279	311	272	291	292	226	247	298	326	307	330	281	317	326	360	340	278	305	355	276	261	354	
redundantCoverageValue--------	172	314	296	202	240	288	133	257	278	102	104	522	151	555	179	148	158	289	448	328	383	300	490	397	138	540	387	546	294	248	305	660	298	579	366	354	233	340	197	107	167	392	146	452	480	166	214	165	269	188	446	340	320	93	349	608	294	341	448	540	470	220	451	486	121	118	461	283	494	555	178	466	313	147	307	604	74	306	201	529	688	429	248	314	293	302	274	353	690	439	463	334	360	500	322	235	365	84	219	186	
halfCoverageTime--------------	33266829.0	32008424.0	31573375.0	32761691.0	31571614.0	32034372.0	32761711.0	32960356.0	32675990.0	32008388.0	63507495.0	32061669.0	33023433.0	32159173.0	33178425.0	32855857.0	32008394.0	63281929.0	32761773.0	32159425.0	32761752.0	32159108.0	31638732.0	33023438.0	32761794.0	31638757.0	31638647.0	31573410.0	31573460.0	31808330.0	31558162.0	32008233.0	31573470.0	31638824.0	31638752.0	32159405.0	31638567.0	32154293.0	32061618.0	63626896.0	33195319.0	63282004.0	64582416.0	32159128.0	31638879.0	33195289.0	32008346.0	63627011.0	32008489.0	32061644.0	32034390.0	32264262.0	32154298.0	63271974.0	31738505.0	31638562.0	33195349.0	32008326.0	32159133.0	31558157.0	33023448.0	64290662.0	31638767.0	31738500.0	63281979.0	33728459.0	31724222.0	32960362.0	32008474.0	31638552.0	63626891.0	32264317.0	33266782.0	31638632.0	32159485.0	31638772.0	63507500.0	32264252.0	33110288.0	31738545.0	31638722.0	32159370.0	32960345.0	63626876.0	64219930.0	32264352.0	31738535.0	31571740.0	31738510.0	32061664.0	32008306.0	31724282.0	32761810.0	32264282.0	32008429.0	33728301.0	31573290.0	33985387.0	33985337.0	32061694.0	
numberOfPoint-----------------	1	1	1	1	1	1	1	1	1	1	1	1	1	1	1	1	1	1	1	1	1	1	1	1	1	1	1	1	1	1	1	1	1	1	1	1	1	1	1	1	1	1	1	1	1	1	1	1	1	1	4	4	7	3	2	3	3	11	1	3	5	8	2	2	1	3	4	5	4	8	6	4	2	4	12	4	3	3	2	3	5	3	3	5	5	3	5	6	7	3	2	2	2	7	3	2	2	4	8	7	
standardDeviation-------------	.0	.0	.0	.0	.0	.0	.0	.0	.0	.0	.0	.0	.0	.0	.0	.0	.0	.0	.0	.0	.0	.0	.0	.0	.0	.0	.0	.0	.0	.0	.0	.0	.0	.0	.0	.0	.0	.0	.0	.0	.0	.0	.0	.0	.0	.0	.0	.0	.0	.0	9.32	5.5	8.24	6.21	6.32	7.11	9.28	9.25	8.68	7.63	3.83	6.42	4.67	7.15	3.67	7.28	7.25	5.88	6.82	5.45	7.77	7.68	5.37	8.72	8.3	8.36	4.37	7.41	6.86	6.36	7.91	4.93	5.85	5.6	6.03	4.77	8.97	6.24	6.9	7.79	7.0	5.94	6.15	7.77	8.07	5.7	10.86	7.26	7.12	7.64	
initialCoverageValue----------	360	360	351	360	360	360	360	360	360	360	360	360	360	360	360	350	360	360	360	360	360	360	360	360	360	360	360	360	360	351	360	360	360	360	360	360	360	360	360	360	360	360	360	360	360	360	360	360	360	360	360	360	360	360	360	360	360	360	360	360	360	360	360	360	360	360	360	360	360	360	360	360	360	360	360	360	360	360	360	360	360	360	360	360	358	360	360	360	360	360	360	360	360	360	360	360	360	360	360	360	
initialRedundantCoverageValue-	1860	2220	2469	2520	2640	2220	2460	2700	3180	2100	2160	2700	1800	2700	2220	1630	1980	3000	2700	2700	2700	2520	3000	2520	2100	2580	2220	2760	1980	1869	2820	3000	2340	2880	3300	2940	2100	3480	1860	2100	2460	2880	1740	1920	2700	2220	1920	2460	2100	2100	2160	2220	2760	2100	2160	2280	2760	2580	2760	2820	2520	2460	2400	2220	2160	2340	2460	2700	3000	2700	2580	2280	2220	2160	2160	3360	2580	2520	1680	2400	2880	3120	1860	2340	1922	2400	1920	2520	2820	2700	2520	3000	3000	2400	1980	2700	2520	2820	2580	1860	
additionalPoiTime-------------	1.563598023E8
algorithmTime-----------------	9906063.5
serverTime--------------------	1.58341015E7
Total Transferred Metadata----	3321

Photo List Size: 4329
Gained Coverage %-------------	0.8260772866277454
Gained Redundancy %-----------	0.13322716321613787
Total Cluster Created---------	50
Total Transferred Photo-------	3041
Total Photo at Destination----	1052
Coverage Group----------------	1-30	31-60	61-90	91-120	121-150	151-180	181-210	211-240	241-270	271-300	301-330	331-360	
Coverage Distribution---------	0	0	0	0	0	0	6	7	15	17	26	29	
Ratio Group-------------------	.0	.1	.2	.3	.4	.5	.6	.7	.8	.9	1.0	
Coverage Ratio----------------	0	0	0	0	0	0	8	13	15	30	34	
Redundant Ratio---------------	0	32	54	14	0	0	0	0	0	0	0	
NumberOfPoint Group-----------	0	1	2	3	4	5	6	7	8	9	10	11	12	
NumOfPoint Distribution-------	0	2	10	13	8	6	2	4	3	0	0	1	1	
SD Group----------------------	0-1	1-2	2-3	3-4	4-5	5-6	6-7	7-8	8-9	9-10	10-11	
SD Distribution---------------	50	0	0	2	4	8	10	15	7	3	1	
Half Coverage Group-----------	0-16038847	16038847-32077694	32077694-48116541	48116541-64155388	64155388-80194235	80194235-96233082	96233082-112271929	112271929-128310776	128310776-144349623	144349623-160388470	160388470-176427317	
Half Cvg Time Distribution----	0	47	40	10	3	0	0	0	0	0	0	
Transferred Photo Group-------	0-16038847	16038847-32077694	32077694-48116541	48116541-64155388	64155388-80194235	80194235-96233082	96233082-112271929	112271929-128310776	128310776-144349623	144349623-160388470	160388470-176427317	
Photo Time Distribution-------	552	4217	4809	1872	847	39	0	123	25	0	0	

Cvg&Red Distribution----------	0.0	2.0	3.2077694E7	6.4155388E7	1.28310776E8	1.6038847E8	9.6233082E7	
Average PhotoNum--------------	26.34285714285714	26.34285714285714	27.085714285714285	28.262857142857143	28.33142857142857	28.33142857142857	28.337142857142858	
Nodes Above Average-----------	98	98	92	84	83	83	83	
Nodes Below Average-----------	77	77	83	91	92	92	92	

Average Coverage--------------	1539.942857142857	1539.942857142857	1581.6571428571428	1648.28	1651.5428571428572	1651.5428571428572	1651.8857142857144	
Nodes Above Average-----------	102	102	96	88	87	87	87	
Nodes Below Average-----------	73	73	79	87	88	88	88	
Photos Above Average----------	33	33	34	37	38	38	38	
Photos Below Average----------	16	16	17	18	18	18	18	
Network Coverage--------------	35956	35956	35956	35956	35956	35956	35956	

Average Redundancy------------	40.628571428571426	40.628571428571426	43.48571428571429	47.49142857142857	48.34285714285714	48.34285714285714	48.34285714285714	
Nodes Above Average-----------	74	74	72	69	68	68	68	
Nodes Below Average-----------	101	101	103	106	107	107	107	
Photos Above Average----------	31	31	34	37	37	37	37	
Photos Below Average----------	22	22	22	22	22	22	22	
Network Redundancy------------	240644	240644	248444	260804	261524	261524	261584	

