Message stats for scenario S_7-Photo_5000-Scenario_4-ActualPOI_50
sim_time: 160388470.0000

Photo List Size: 4329
coverageValue-----------------	312	323	329	360	217	325	270	344	340	333	322	285	332	337	225	328	304	309	334	275	272	321	349	320	316	322	323	316	232	344	320	267	328	199	268	336	318	253	345	222	330	285	303	321	358	298	323	336	276	336	171	314	200	120	244	221	246	295	205	290	269	203	315	171	226	352	62	277	206	142	183	279	251	291	317	226	145	271	260	255	212	274	267	149	299	239	137	327	219	331	187	266	164	242	201	325	328	280	114	209	
redundantCoverageValue--------	288	157	211	240	23	215	90	376	200	147	158	255	148	83	255	152	236	171	266	145	148	279	191	280	224	158	277	164	248	316	280	93	92	101	272	204	162	47	315	138	210	75	237	159	242	242	277	264	204	264	9	106	40	0	176	139	174	125	215	250	151	37	165	9	74	428	58	203	34	98	177	261	109	369	103	74	35	449	220	165	28	26	153	31	121	121	43	273	201	209	113	94	16	118	99	215	212	140	6	271	
halfCoverageTime--------------	32761666.0	63281904.0	31573335.0	32686163.0	33110238.0	32034330.0	31638652.0	32159364.0	33110253.0	31571674.0	32061649.0	32159359.0	32008233.0	31573305.0	31638722.0	32034450.0	32034342.0	32159108.0	32686143.0	32855862.0	33266776.0	32008364.0	31638904.0	31638692.0	32510968.0	33023423.0	32034414.0	31638742.0	32960335.0	32159173.0	31744887.0	32095139.0	31638732.0	33985307.0	33195264.0	32159193.0	31638717.0	33728341.0	32008258.0	63281929.0	33023453.0	32585514.0	32264582.0	33195284.0	32696567.0	32154263.0	32061618.0	31638762.0	32159415.0	32008238.0	.0	32159153.0	33195254.0	.0	31638627.0	32686193.0	31558172.0	32008343.0	32159440.0	31638572.0	32095129.0	64582411.0	32686108.0	.0	32008275.0	31571750.0	.0	31638682.0	31654266.0	.0	32686083.0	32159450.0	31744892.0	31724222.0	31573430.0	32154243.0	.0	32675978.0	32008290.0	32855847.0	63704083.0	31638752.0	33110288.0	.0	31571654.0	31744045.0	.0	31738570.0	32686168.0	31571709.0	33298108.0	32761661.0	.0	33178450.0	33906518.0	31724212.0	31573290.0	31738500.0	.0	32686153.0	
numberOfPoint-----------------	1	1	1	1	1	1	1	1	1	1	1	1	1	1	1	1	1	1	1	1	1	1	1	1	1	1	1	1	1	1	1	1	1	1	1	1	1	1	1	1	1	1	1	1	1	1	1	1	1	1	6	2	2	4	2	2	2	7	6	5	2	2	7	9	4	4	1	2	17	4	5	3	4	2	1	7	7	5	2	4	4	4	3	11	12	1	3	5	5	5	2	8	14	4	2	1	4	4	3	1	
standardDeviation-------------	.0	.0	.0	.0	.0	.0	.0	.0	.0	.0	.0	.0	.0	.0	.0	.0	.0	.0	.0	.0	.0	.0	.0	.0	.0	.0	.0	.0	.0	.0	.0	.0	.0	.0	.0	.0	.0	.0	.0	.0	.0	.0	.0	.0	.0	.0	.0	.0	.0	.0	8.12	9.49	5.94	10.77	7.95	4.1	8.41	7.8	6.43	6.48	6.26	5.01	6.97	9.22	10.28	6.32	1.08	7.3	7.36	6.57	10.0	4.06	9.55	4.55	1.14	7.27	6.07	6.14	4.82	7.04	6.67	7.81	4.59	7.68	7.23	.61	8.29	7.56	6.24	7.59	3.43	6.63	8.31	8.17	9.83	1.49	7.92	9.23	8.2	7.17	
initialCoverageValue----------	360	360	360	360	360	360	360	360	360	360	360	360	360	360	360	360	360	360	360	360	360	360	360	360	360	360	360	360	360	360	360	360	360	360	360	360	360	360	360	360	360	360	360	360	360	360	360	360	360	360	360	360	360	360	360	360	360	360	360	360	360	360	360	360	360	360	360	360	360	360	360	360	360	360	360	360	360	360	360	360	360	360	360	360	360	360	360	360	360	360	360	360	360	360	360	360	360	360	360	360	
initialRedundantCoverageValue-	2640	2040	2640	2460	1560	2640	2100	2340	1860	2460	3180	2460	2580	2700	1800	2280	2460	2580	2520	2040	2520	2460	3120	3180	2340	2820	2460	3720	2520	2880	2640	2160	2880	2460	2340	2520	2100	2340	2580	2040	2700	1860	2280	2700	2880	2040	2760	2760	2280	1980	2340	1920	2400	1920	2640	2400	1620	2460	2040	2400	2460	2100	2460	2160	2460	2580	2460	2580	2220	2640	2760	2340	2160	3120	2460	2760	2880	2640	2880	2280	2160	2100	2280	2220	2520	3060	2160	3120	2460	2100	2640	2940	2220	2340	2040	2400	2340	2220	1860	2400	
additionalPoiTime-------------	1.602598273E8
algorithmTime-----------------	1.06548683E7
serverTime--------------------	1.78933147E7
Total Transferred Metadata----	3323

Photo List Size: 4329
Gained Coverage %-------------	0.7532777777777778
Gained Redundancy %-----------	0.06941504635326934
Total Cluster Created---------	50
Total Transferred Photo-------	2785
Total Photo at Destination----	739
Coverage Group----------------	1-30	31-60	61-90	91-120	121-150	151-180	181-210	211-240	241-270	271-300	301-330	331-360	
Coverage Distribution---------	0	0	1	2	4	3	9	10	13	15	27	16	
Ratio Group-------------------	.0	.1	.2	.3	.4	.5	.6	.7	.8	.9	1.0	
Coverage Ratio----------------	0	0	1	0	4	5	10	13	19	24	24	
Redundant Ratio---------------	1	75	24	0	0	0	0	0	0	0	0	
NumberOfPoint Group-----------	0	1	2	3	4	5	6	7	8	9	10	11	12	13	14	15	16	17	
NumOfPoint Distribution-------	0	5	12	4	11	6	2	4	1	1	0	1	1	0	1	0	0	1	
SD Group----------------------	0-1	1-2	2-3	3-4	4-5	5-6	6-7	7-8	8-9	9-10	10-11	
SD Distribution---------------	51	3	0	1	5	2	11	13	6	6	2	
Half Coverage Group-----------	0-16038847	16038847-32077694	32077694-48116541	48116541-64155388	64155388-80194235	80194235-96233082	96233082-112271929	112271929-128310776	128310776-144349623	144349623-160388470	160388470-176427317	
Half Cvg Time Distribution----	0	42	44	3	1	0	0	0	0	0	0	
Transferred Photo Group-------	0-16038847	16038847-32077694	32077694-48116541	48116541-64155388	64155388-80194235	80194235-96233082	96233082-112271929	112271929-128310776	128310776-144349623	144349623-160388470	160388470-176427317	
Photo Time Distribution-------	592	4127	4217	1473	756	14	0	30	4	0	0	

Cvg&Red Distribution----------	0.0	2.0	3.2077694E7	6.4155388E7	1.28310776E8	1.6038847E8	9.6233082E7	
Average PhotoNum--------------	26.34285714285714	26.34285714285714	27.097142857142856	28.605714285714285	28.777142857142856	28.771428571428572	28.777142857142856	
Nodes Above Average-----------	98	98	91	84	83	83	83	
Nodes Below Average-----------	77	77	84	91	92	92	92	

Average Coverage--------------	1539.4057142857143	1539.4057142857143	1583.1542857142856	1668.0857142857142	1677.1371428571429	1676.7942857142857	1677.1371428571429	
Nodes Above Average-----------	102	102	94	85	83	83	83	
Nodes Below Average-----------	73	73	81	90	92	92	92	
Photos Above Average----------	33	33	35	38	39	39	39	
Photos Below Average----------	16	16	17	18	19	19	19	
Network Coverage--------------	36000	36000	36000	36000	36000	36000	36000	

Average Redundancy------------	41.16571428571429	41.16571428571429	42.674285714285716	48.25714285714286	49.49142857142857	49.49142857142857	49.49142857142857	
Nodes Above Average-----------	70	70	71	66	67	67	67	
Nodes Below Average-----------	105	105	104	109	108	108	108	
Photos Above Average----------	32	32	34	37	38	38	38	
Photos Below Average----------	22	22	22	23	22	22	22	
Network Redundancy------------	240600	240600	248520	264360	266160	266100	266160	

