Message stats for scenario S_7-Photo_5000-Scenario_5-ActualPOI_50
sim_time: 160388470.0000

Photo List Size: 4329
coverageValue-----------------	328	352	256	335	307	360	285	348	313	346	307	290	281	312	317	360	350	260	360	351	314	240	360	358	301	218	358	343	272	311	269	316	301	289	300	251	331	311	333	356	335	249	305	360	297	308	360	293	353	359	191	256	344	120	257	217	255	204	222	194	143	282	257	203	206	335	217	192	192	60	271	241	192	162	343	275	225	308	294	268	229	195	229	153	219	189	252	281	132	237	341	66	277	229	278	245	279	240	253	239	
redundantCoverageValue--------	212	248	104	325	233	480	195	192	107	314	353	130	379	108	223	480	310	160	360	309	286	240	360	242	179	142	242	257	148	229	271	164	119	251	240	229	89	169	267	184	205	231	235	180	243	112	360	247	307	241	229	104	136	0	163	83	225	96	258	46	97	318	223	157	154	205	143	48	168	0	149	119	108	78	437	505	195	52	186	212	131	45	131	87	141	51	108	319	168	123	319	54	143	11	262	55	81	120	107	121	
halfCoverageTime--------------	33195289.0	32159203.0	32034396.0	32585460.0	33195314.0	32008344.0	31638811.0	32008382.0	32061613.0	31571664.0	32264582.0	32686133.0	32855867.0	33178430.0	33266788.0	31573380.0	31638692.0	31573315.0	31654256.0	32008354.0	31638901.0	32264597.0	32008258.0	32008364.0	32686103.0	31724292.0	32159128.0	32686123.0	32095144.0	32159193.0	32868712.0	32095129.0	32061639.0	32686118.0	32676002.0	32008434.0	33023443.0	32868767.0	33023468.0	32034330.0	32034366.0	32034378.0	32061659.0	32008370.0	32061654.0	32686153.0	31638702.0	32061644.0	31571659.0	32159420.0	32159375.0	31738525.0	31554327.0	.0	31724247.0	31571699.0	32034402.0	33195279.0	32868732.0	32686098.0	.0	31638552.0	32159133.0	63281894.0	31738550.0	31738530.0	32761681.0	64732445.0	64582411.0	.0	33906593.0	33178450.0	33906578.0	.0	31638627.0	31638697.0	33300150.0	31543572.0	31724287.0	33195259.0	31940788.0	32868782.0	32061674.0	.0	33728301.0	32264302.0	32264607.0	31738488.0	.0	32868707.0	31573395.0	.0	31724282.0	33906523.0	31638647.0	31744045.0	32154243.0	31638707.0	31638722.0	33023463.0	
numberOfPoint-----------------	1	1	1	1	1	1	1	1	1	1	1	1	1	1	1	1	1	1	1	1	1	1	1	1	1	1	1	1	1	1	1	1	1	1	1	1	1	1	1	1	1	1	1	1	1	1	1	1	1	1	3	2	2	3	3	7	3	5	3	7	6	4	7	2	4	2	4	2	4	4	4	3	7	2	3	5	1	3	9	1	2	2	3	5	2	1	4	5	1	2	9	10	10	4	2	6	6	4	2	5	
standardDeviation-------------	.0	.0	.0	.0	.0	.0	.0	.0	.0	.0	.0	.0	.0	.0	.0	.0	.0	.0	.0	.0	.0	.0	.0	.0	.0	.0	.0	.0	.0	.0	.0	.0	.0	.0	.0	.0	.0	.0	.0	.0	.0	.0	.0	.0	.0	.0	.0	.0	.0	.0	9.39	7.69	5.94	7.28	4.59	5.31	4.55	8.57	8.52	3.79	6.93	9.15	5.82	9.46	9.72	5.7	5.8	5.25	7.83	3.81	6.93	5.01	7.6	9.91	8.15	5.76	2.0	4.29	8.12	3.62	7.82	5.76	6.89	3.46	2.06	.45	6.66	4.85	1.27	7.04	6.11	6.04	6.82	5.99	6.22	8.37	8.05	7.7	5.12	7.45	
initialCoverageValue----------	360	360	360	360	360	360	360	360	360	360	360	360	360	360	360	360	360	360	360	360	360	360	360	360	360	360	360	360	360	360	360	360	360	360	360	360	360	360	360	360	360	360	360	360	360	360	360	360	360	360	360	360	360	360	360	360	360	360	360	360	360	360	360	360	360	360	360	360	360	360	360	360	360	360	360	360	360	360	360	360	360	360	360	360	360	360	360	360	360	360	360	360	360	360	360	360	360	360	360	360	
initialRedundantCoverageValue-	2460	2700	2580	2340	1920	2700	2100	2400	2700	2580	2760	2280	2940	2280	2700	2820	2400	1920	2460	2520	2160	2520	2760	2400	2460	2760	2280	2400	2160	2400	2100	2640	2340	2100	2400	1740	2340	2880	2640	1800	2100	2100	2700	1860	1920	1860	3180	2400	3120	2400	2400	3060	2280	2520	1920	2400	2160	2760	2880	2220	2340	2220	2280	2520	2160	1920	1620	1800	2940	1740	2940	2700	2220	2700	3120	2640	2220	2160	2640	2460	2940	2760	2940	3060	2400	2400	2760	2280	1980	2940	2220	2640	2700	2220	2820	2760	1920	2700	2100	2460	
additionalPoiTime-------------	0.0
algorithmTime-----------------	9375660.1
serverTime--------------------	1.81429163E7
Total Transferred Metadata----	3328

Photo List Size: 4329
Gained Coverage %-------------	0.7571666666666667
Gained Redundancy %-----------	0.0795415331525758
Total Cluster Created---------	50
Total Transferred Photo-------	2709
Total Photo at Destination----	779
Coverage Group----------------	1-30	31-60	61-90	91-120	121-150	151-180	181-210	211-240	241-270	271-300	301-330	331-360	
Coverage Distribution---------	0	1	1	1	2	2	10	13	14	16	15	25	
Ratio Group-------------------	.0	.1	.2	.3	.4	.5	.6	.7	.8	.9	1.0	
Coverage Ratio----------------	0	0	2	0	3	2	10	18	19	20	26	
Redundant Ratio---------------	2	66	32	0	0	0	0	0	0	0	0	
NumberOfPoint Group-----------	0	1	2	3	4	5	6	7	8	9	10	
NumOfPoint Distribution-------	0	4	12	9	9	5	3	4	0	2	2	
SD Group----------------------	0-1	1-2	2-3	3-4	4-5	5-6	6-7	7-8	8-9	9-10	
SD Distribution---------------	51	1	2	4	4	11	8	8	6	5	
Half Coverage Group-----------	0-16038847	16038847-32077694	32077694-48116541	48116541-64155388	64155388-80194235	80194235-96233082	96233082-112271929	112271929-128310776	128310776-144349623	144349623-160388470	160388470-176427317	
Half Cvg Time Distribution----	0	47	43	1	2	0	0	0	0	0	0	
Transferred Photo Group-------	0-16038847	16038847-32077694	32077694-48116541	48116541-64155388	64155388-80194235	80194235-96233082	96233082-112271929	112271929-128310776	128310776-144349623	144349623-160388470	160388470-176427317	
Photo Time Distribution-------	564	2569	3113	1049	565	10	0	27	1	0	0	

Cvg&Red Distribution----------	0.0	2.0	3.2077694E7	6.4155388E7	1.28310776E8	1.6038847E8	9.6233082E7	
Average PhotoNum--------------	26.34285714285714	26.34285714285714	27.062857142857144	28.582857142857144	28.748571428571427	28.742857142857144	28.748571428571427	
Nodes Above Average-----------	98	98	93	87	86	86	86	
Nodes Below Average-----------	77	77	82	88	89	89	89	

Average Coverage--------------	1540.7085714285715	1540.7085714285715	1580.6514285714286	1665.182857142857	1675.3542857142857	1675.0114285714285	1675.3542857142857	
Nodes Above Average-----------	102	102	97	89	88	88	88	
Nodes Below Average-----------	73	73	78	86	87	87	87	
Photos Above Average----------	33	33	34	38	38	38	38	
Photos Below Average----------	16	16	17	18	18	18	18	
Network Coverage--------------	35994	35994	35994	35994	35994	35994	35994	

Average Redundancy------------	39.862857142857145	39.862857142857145	43.12	49.78857142857143	49.56	49.56	49.56	
Nodes Above Average-----------	71	71	68	63	64	64	64	
Nodes Below Average-----------	104	104	107	112	111	111	111	
Photos Above Average----------	33	33	34	39	39	39	39	
Photos Below Average----------	21	21	22	22	22	22	22	
Network Redundancy------------	240606	240606	248166	264126	265866	265806	265866	

