Message stats for scenario S_7-Photo_5000-Scenario_8-ActualPOI_50
sim_time: 160388470.0000

Photo List Size: 1189
coverageValue-----------------	360	339	299	323	345	221	360	360	360	359	299	320	303	346	347	312	276	343	337	290	334	348	336	255	360	348	323	344	339	345	347	308	343	360	360	327	324	356	360	347	270	339	335	289	344	351	299	320	344	269	295	263	339	244	310	334	322	295	185	247	229	360	212	195	330	282	216	318	270	272	198	322	360	292	336	300	224	318	327	262	225	354	262	313	219	343	272	229	239	295	306	356	272	290	263	210	260	360	222	300	
redundantCoverageValue--------	780	381	481	757	735	499	780	1200	480	781	301	220	417	374	373	108	84	557	503	790	146	792	804	405	480	792	577	316	561	735	493	532	437	540	480	633	396	604	480	613	390	621	685	251	556	369	301	280	496	211	365	217	501	236	350	386	278	305	355	173	131	360	328	45	450	618	204	102	150	88	102	338	540	248	384	180	256	342	273	458	75	246	158	587	81	257	208	251	361	245	174	484	208	310	157	90	400	480	138	360	
halfCoverageTime--------------	31638587.0	32154298.0	32008300.0	31573465.0	31571770.0	31638752.0	32008564.0	31573340.0	32034420.0	31808652.0	32761721.0	32868752.0	32761778.0	31738488.0	32868697.0	32008248.0	32686098.0	32034366.0	31554337.0	31638572.0	32761865.0	31744887.0	31543403.0	31572344.0	31543480.0	31571639.0	31808632.0	31573295.0	32159550.0	31573440.0	31571689.0	32008351.0	32095144.0	32154283.0	31724247.0	32159500.0	31573460.0	31543490.0	31744050.0	31638677.0	32159370.0	31655208.0	31543595.0	32761691.0	31724262.0	33023458.0	32159153.0	32008479.0	31744035.0	31724222.0	32061639.0	32761810.0	31558197.0	33728389.0	32061734.0	32675972.0	31571740.0	31808672.0	33266794.0	31638642.0	63850059.0	31638597.0	32696578.0	33728419.0	32159133.0	32761815.0	32686153.0	31558162.0	32008594.0	63626886.0	63849974.0	31940783.0	31573375.0	32868792.0	32008397.0	33728331.0	33195249.0	31940788.0	31638632.0	32159525.0	33985392.0	32008233.0	33007252.0	32008356.0	64582391.0	32061744.0	31571815.0	33728394.0	32159385.0	32675978.0	31808562.0	32061649.0	31808610.0	31638869.0	63626856.0	32008331.0	31638854.0	32761696.0	32154263.0	31573284.0	
numberOfPoint-----------------	1	1	1	1	1	1	1	1	1	1	1	1	1	1	1	1	1	1	1	1	1	1	1	1	1	1	1	1	1	1	1	1	1	1	1	1	1	1	1	1	1	1	1	1	1	1	1	1	1	1	2	1	1	1	1	2	2	2	2	0	1	2	2	1	2	1	0	1	1	2	2	1	1	2	2	2	1	2	2	3	1	1	3	2	0	3	2	1	2	1	4	2	1	1	1	1	1	3	0	2	
standardDeviation-------------	.0	.0	.0	.0	.0	.0	.0	.0	.0	.0	.0	.0	.0	.0	.0	.0	.0	.0	.0	.0	.0	.0	.0	.0	.0	.0	.0	.0	.0	.0	.0	.0	.0	.0	.0	.0	.0	.0	.0	.0	.0	.0	.0	.0	.0	.0	.0	.0	.0	.0	7.86	1.94	1.41	2.95	3.13	7.6	6.24	7.71	5.64	.0	8.26	4.33	6.45	2.9	10.69	2.2	.0	.76	5.3	5.36	5.99	5.91	2.11	9.04	11.27	6.88	1.58	6.2	5.78	7.01	11.85	7.05	8.53	6.3	.0	8.58	7.09	6.92	8.41	1.91	7.42	6.65	10.71	6.02	2.89	1.4	3.11	6.62	.0	5.55	
initialCoverageValue----------	360	360	360	360	360	356	360	360	360	360	360	360	360	360	360	345	353	360	360	360	360	360	360	360	360	360	360	360	360	360	360	360	360	360	360	360	360	360	360	360	360	360	360	360	360	360	360	360	360	360	360	360	360	360	360	358	360	360	360	360	360	360	360	360	360	353	360	360	360	360	352	360	360	360	360	360	360	360	360	360	360	360	360	360	360	360	360	355	360	360	360	360	360	360	352	360	360	360	360	360	
initialRedundantCoverageValue-	2700	3180	2280	3180	2580	1384	2640	2820	2700	2400	2580	2160	1860	1980	2520	1935	1747	2580	2520	2400	1680	2460	2760	2220	2700	2940	2280	2400	2700	2520	2100	2220	2340	3000	2460	2580	2400	2880	2940	2220	2580	3300	2640	1860	2700	2580	1920	1980	2580	2880	2700	2400	2220	2640	2580	2522	2760	2640	2940	2820	1740	3060	2160	1920	2880	2167	2160	1440	2400	2220	2168	3060	2160	1980	1860	2220	2340	3120	1980	2640	2100	2640	2460	2640	1920	2520	2640	2465	2580	2340	2160	3000	2100	2640	1808	1860	2400	2580	1920	2040	
additionalPoiTime-------------	93600.6
algorithmTime-----------------	1.1793158341612E10
serverTime--------------------	3198020.5
Total Transferred Metadata----	2360

Photo List Size: 1189
Gained Coverage %-------------	0.847707545070109
Gained Redundancy %-----------	0.1638971184561148
Total Cluster Created---------	0
Total Transferred Photo-------	26192
Total Photo at Destination----	1271
Coverage Group----------------	1-30	31-60	61-90	91-120	121-150	151-180	181-210	211-240	241-270	271-300	301-330	331-360	
Coverage Distribution---------	0	0	0	0	0	0	4	10	11	17	18	40	
Ratio Group-------------------	.0	.1	.2	.3	.4	.5	.6	.7	.8	.9	1.0	
Coverage Ratio----------------	0	0	0	0	0	0	6	10	14	26	44	
Redundant Ratio---------------	0	25	46	24	4	1	0	0	0	0	0	
NumberOfPoint Group-----------	0	1	2	3	4	
NumOfPoint Distribution-------	4	21	20	4	1	
SD Group----------------------	0-1	1-2	2-3	3-4	4-5	5-6	6-7	7-8	8-9	9-10	10-11	11-12	
SD Distribution---------------	55	5	5	2	1	7	9	7	4	1	2	2	
Half Coverage Group-----------	0-16038847	16038847-32077694	32077694-48116541	48116541-64155388	64155388-80194235	80194235-96233082	96233082-112271929	112271929-128310776	128310776-144349623	144349623-160388470	160388470-176427317	
Half Cvg Time Distribution----	0	60	35	4	1	0	0	0	0	0	0	
Transferred Photo Group-------	0-16038847	16038847-32077694	32077694-48116541	48116541-64155388	64155388-80194235	80194235-96233082	96233082-112271929	112271929-128310776	128310776-144349623	144349623-160388470	160388470-176427317	
Photo Time Distribution-------	6017	12423	16018	13663	6643	323	199	793	221	45	0	

Cvg&Red Distribution----------	0.0	2.0	3.2077694E7	6.4155388E7	1.28310776E8	1.6038847E8	9.6233082E7	
Average PhotoNum--------------	26.34285714285714	26.34285714285714	35.668571428571425	39.89142857142857	41.80571428571429	42.02285714285714	40.81142857142857	
Nodes Above Average-----------	98	98	94	121	131	132	127	
Nodes Below Average-----------	77	77	81	54	44	43	48	

Average Coverage--------------	1544.88	1544.88	2063.422857142857	2294.7428571428572	2400.7085714285713	2413.0114285714285	2345.4	
Nodes Above Average-----------	97	97	95	121	132	133	126	
Nodes Below Average-----------	78	78	80	54	43	42	49	
Photos Above Average----------	33	33	48	49	49	49	49	
Photos Below Average----------	17	17	20	17	17	17	17	
Network Coverage--------------	35920	35920	35920	35920	35920	35920	35920	

Average Redundancy------------	35.691428571428574	35.691428571428574	76.69142857142857	98.74285714285715	107.63428571428571	108.36	103.28571428571429	
Nodes Above Average-----------	71	71	80	77	82	82	77	
Nodes Below Average-----------	104	104	95	98	93	93	98	
Photos Above Average----------	32	32	45	49	49	49	49	
Photos Below Average----------	22	22	27	32	35	35	34	
Network Redundancy------------	240680	240680	338600	382940	403040	405320	392600	

