Message stats for scenario S_7-Photo_5000-Scenario_6-ActualPOI_50
sim_time: 160388470.0000

Photo List Size: 1293
coverageValue-----------------	212	332	272	352	247	296	323	350	354	340	305	300	307	174	294	298	350	357	304	273	317	345	360	341	346	353	286	353	304	357	333	226	342	288	210	283	328	340	360	334	258	303	312	326	258	276	262	352	358	296	277	311	302	306	334	352	240	311	246	319	329	328	283	359	338	320	269	333	229	358	303	336	317	358	332	300	312	343	360	343	326	360	329	344	256	328	357	360	358	332	356	360	340	248	282	302	248	360	316	346	
redundantCoverageValue--------	148	448	268	548	173	304	337	850	426	680	595	660	353	186	306	362	730	483	296	447	163	675	360	559	854	847	494	247	236	483	447	134	198	312	210	437	272	560	600	686	522	237	888	274	282	324	338	668	782	364	263	529	358	294	566	608	0	349	474	221	451	452	437	361	502	280	331	507	191	602	477	744	223	722	568	240	408	377	420	377	574	780	571	556	284	212	543	840	422	388	724	840	500	352	498	358	412	720	524	434	
halfCoverageTime--------------	63777546.0	32159208.0	33195264.0	31543115.0	32061654.0	31651544.0	33205492.0	31558117.0	32008362.0	31558122.0	31573410.0	32008524.0	31573325.0	.0	31651514.0	31724292.0	31724227.0	31573365.0	33195364.0	33384346.0	32264337.0	31543341.0	32034336.0	31571765.0	31543165.0	31571720.0	32034384.0	31573405.0	32008609.0	31638592.0	31638876.0	63281884.0	31558147.0	31654271.0	31543311.0	31638856.0	31940783.0	31638682.0	32159470.0	31654256.0	33036179.0	32061603.0	31638687.0	31573440.0	31654266.0	32008589.0	31919230.0	31638821.0	31573480.0	31919210.0	32159405.0	31940778.0	32061669.0	31724257.0	31638642.0	31543195.0	32696556.0	31724247.0	32264437.0	31651554.0	31571775.0	32264392.0	31651549.0	31638831.0	32095134.0	31571644.0	31543356.0	31573320.0	32008594.0	32008275.0	31638906.0	31651529.0	31543426.0	31638811.0	32159510.0	32264397.0	31573340.0	31543281.0	32008280.0	31638846.0	32686098.0	31636139.0	31573310.0	32061613.0	32689060.0	32154268.0	31638707.0	31554337.0	31573445.0	31738525.0	31638567.0	31543246.0	31638652.0	33985317.0	31573450.0	32264272.0	63850054.0	31571780.0	31571614.0	32159435.0	
numberOfPoint-----------------	1	1	1	1	1	1	1	1	1	1	1	1	1	1	1	1	1	1	1	1	1	1	1	1	1	1	1	1	1	1	1	1	1	1	1	1	1	1	1	1	1	1	1	1	1	1	1	1	1	1	1	3	1	1	3	3	0	2	2	2	1	2	2	1	3	1	1	3	1	1	1	3	2	2	1	2	2	3	1	2	2	2	2	2	1	1	1	3	1	3	2	3	2	2	2	0	1	2	2	2	
standardDeviation-------------	.0	.0	.0	.0	.0	.0	.0	.0	.0	.0	.0	.0	.0	.0	.0	.0	.0	.0	.0	.0	.0	.0	.0	.0	.0	.0	.0	.0	.0	.0	.0	.0	.0	.0	.0	.0	.0	.0	.0	.0	.0	.0	.0	.0	.0	.0	.0	.0	.0	.0	6.51	8.69	5.6	4.7	9.09	7.82	.0	10.31	7.62	6.05	4.08	5.71	9.3	2.48	9.3	4.18	9.56	9.68	5.07	4.53	3.05	7.13	10.09	6.12	.51	5.94	8.18	6.81	6.99	7.59	6.77	6.9	5.04	6.16	7.21	2.3	6.7	9.79	5.36	8.0	7.33	6.44	5.45	8.42	9.18	.0	.8	5.46	5.78	5.12	
initialCoverageValue----------	360	360	360	360	360	360	360	360	360	360	360	360	360	360	360	360	360	360	360	360	360	360	360	360	360	360	360	360	360	360	360	360	360	360	360	360	360	360	360	360	360	360	360	360	360	360	360	360	360	360	360	360	360	360	360	360	360	360	360	360	360	360	360	360	360	360	360	360	360	360	360	360	360	360	360	360	353	360	360	360	360	360	360	360	360	360	360	360	360	360	360	360	360	360	360	360	360	360	360	360	
initialRedundantCoverageValue-	2340	2400	2640	1740	2340	2040	2220	2460	3360	1800	2520	2580	2280	2340	2340	2280	2340	3000	1920	2640	1800	2640	2340	2700	2940	2400	1920	2100	2760	2400	2400	2040	3000	2400	2460	2400	2160	2160	2340	2640	2100	2400	2760	1980	2040	2460	1680	2400	3000	2340	2220	2580	1980	1980	2460	2880	2100	2160	2520	2040	2640	2220	2580	2580	2400	1980	2640	2460	2340	2580	2340	2580	2100	2760	2160	3120	2107	2820	2460	2220	2700	2520	2400	2520	1920	2640	2880	3240	3000	2340	2220	3360	2220	2040	2580	3300	2340	2700	3420	2280	
additionalPoiTime-------------	0.0
algorithmTime-----------------	8.521554625E8
serverTime--------------------	9578461.4
Total Transferred Metadata----	2776

Photo List Size: 1293
Gained Coverage %-------------	0.872475203511794
Gained Redundancy %-----------	0.18456487527068172
Total Cluster Created---------	0
Total Transferred Photo-------	4242
Total Photo at Destination----	1322
Coverage Group----------------	1-30	31-60	61-90	91-120	121-150	151-180	181-210	211-240	241-270	271-300	301-330	331-360	
Coverage Distribution---------	0	0	0	0	0	1	1	4	9	15	26	44	
Ratio Group-------------------	.0	.1	.2	.3	.4	.5	.6	.7	.8	.9	1.0	
Coverage Ratio----------------	0	0	0	0	0	1	2	7	14	25	51	
Redundant Ratio---------------	1	12	47	32	8	0	0	0	0	0	0	
NumberOfPoint Group-----------	0	1	2	3	
NumOfPoint Distribution-------	2	17	21	10	
SD Group----------------------	0-1	1-2	2-3	3-4	4-5	5-6	6-7	7-8	8-9	9-10	10-11	
SD Distribution---------------	54	0	2	1	4	10	10	7	3	7	2	
Half Coverage Group-----------	0-16038847	16038847-32077694	32077694-48116541	48116541-64155388	64155388-80194235	80194235-96233082	96233082-112271929	112271929-128310776	128310776-144349623	144349623-160388470	160388470-176427317	
Half Cvg Time Distribution----	0	75	21	3	0	0	0	0	0	0	0	
Transferred Photo Group-------	0-16038847	16038847-32077694	32077694-48116541	48116541-64155388	64155388-80194235	80194235-96233082	96233082-112271929	112271929-128310776	128310776-144349623	144349623-160388470	160388470-176427317	
Photo Time Distribution-------	558	3633	5349	2636	1044	27	0	92	25	0	0	

Cvg&Red Distribution----------	0.0	2.0	3.2077694E7	6.4155388E7	1.28310776E8	1.6038847E8	9.6233082E7	
Average PhotoNum--------------	26.34285714285714	26.34285714285714	28.13714285714286	30.708571428571428	30.97714285714286	30.97714285714286	30.86285714285714	
Nodes Above Average-----------	98	98	86	79	82	82	80	
Nodes Below Average-----------	77	77	89	96	93	93	95	

Average Coverage--------------	1538.2685714285715	1538.2685714285715	1640.1257142857144	1780.6228571428571	1796.3085714285714	1796.3085714285714	1789.92	
Nodes Above Average-----------	98	98	89	78	81	81	79	
Nodes Below Average-----------	77	77	86	97	94	94	96	
Photos Above Average----------	33	33	37	44	44	44	44	
Photos Below Average----------	17	17	18	19	19	19	19	
Network Coverage--------------	35962	35962	35899	35893	35893	35893	35893	

Average Redundancy------------	42.30285714285714	42.30285714285714	48.10285714285714	61.89142857142857	62.32	62.32	61.85142857142857	
Nodes Above Average-----------	76	76	72	70	68	68	69	
Nodes Below Average-----------	99	99	103	105	107	107	106	
Photos Above Average----------	30	30	34	42	42	42	42	
Photos Below Average----------	22	22	23	23	23	23	23	
Network Redundancy------------	240638	240638	259541	286547	289367	289367	288167	

