Message stats for scenario S_9-Photo_5000-Scenario_4-ActualPOI_50
sim_time: 160388470.0000

Photo List Size: 4287
coverageValue-----------------	352	322	330	328	321	303	303	321	312	282	352	345	360	343	340	331	298	290	347	276	346	306	342	186	322	347	308	354	360	360	262	306	353	360	327	296	347	322	276	360	341	360	343	287	360	337	307	360	317	360	262	220	271	306	269	243	271	298	274	230	71	326	315	169	320	249	288	245	192	121	284	212	281	185	294	287	188	235	222	201	269	211	272	210	300	247	157	215	222	267	163	264	170	246	235	209	258	240	205	227	
redundantCoverageValue--------	308	98	90	212	279	357	117	339	228	138	188	255	300	197	260	209	302	130	373	204	374	174	198	114	98	193	172	246	300	360	158	354	187	180	273	304	193	218	204	120	199	240	317	253	240	263	233	360	163	300	98	20	269	234	391	117	209	122	86	250	49	154	105	71	280	231	312	355	108	59	136	88	259	55	186	313	112	185	198	99	91	29	508	30	180	173	143	25	78	273	17	96	70	114	125	211	462	60	95	133	
halfCoverageTime--------------	31638839.0	31573295.0	32159198.0	32008376.0	32686203.0	32868782.0	31571745.0	31638607.0	32686083.0	32095124.0	32154279.0	32034402.0	31558182.0	32675984.0	31724227.0	31573440.0	33023438.0	32008349.0	31724272.0	31638547.0	31572354.0	32095154.0	31940783.0	63507459.0	32757652.0	32585484.0	32034450.0	32675960.0	31573425.0	32034342.0	63626856.0	32095149.0	31558147.0	32034414.0	32154258.0	32686108.0	32061654.0	31573355.0	32960362.0	32095144.0	31554347.0	31638767.0	32868747.0	32675966.0	32264602.0	31573335.0	31654271.0	32696567.0	31724277.0	32757737.0	33110268.0	32686098.0	32008319.0	31571619.0	32686093.0	31648619.0	32319471.0	32008264.0	32868732.0	33380032.0	.0	32008228.0	32757717.0	.0	32154263.0	31638874.0	31738500.0	31571725.0	31738555.0	.0	32008253.0	63849929.0	32264597.0	63704098.0	31738510.0	31638667.0	33985312.0	32585508.0	63197298.0	32154269.0	32757772.0	32264262.0	31638587.0	32008243.0	32686128.0	31573430.0	.0	33353940.0	32761671.0	63704093.0	.0	31738535.0	.0	33110288.0	32696562.0	33266759.0	31558197.0	33195294.0	31638612.0	32761726.0	
numberOfPoint-----------------	1	1	1	1	1	1	1	1	1	1	1	1	1	1	1	1	1	1	1	1	1	1	1	1	1	1	1	1	1	1	1	1	1	1	1	1	1	1	1	1	1	1	1	1	1	1	1	1	1	1	3	11	2	4	7	2	5	2	4	3	3	5	5	6	4	4	3	2	8	2	3	3	2	2	6	5	1	3	4	2	3	3	8	3	5	6	2	3	6	2	4	4	5	4	5	2	8	5	3	2	
standardDeviation-------------	.0	.0	.0	.0	.0	.0	.0	.0	.0	.0	.0	.0	.0	.0	.0	.0	.0	.0	.0	.0	.0	.0	.0	.0	.0	.0	.0	.0	.0	.0	.0	.0	.0	.0	.0	.0	.0	.0	.0	.0	.0	.0	.0	.0	.0	.0	.0	.0	.0	.0	9.53	8.52	6.19	5.66	6.32	3.88	5.14	5.57	5.4	8.87	4.04	8.46	8.54	9.04	6.2	6.95	5.14	.85	7.25	5.49	7.18	6.25	1.62	7.6	7.14	7.11	5.33	10.66	6.73	7.86	10.51	9.46	6.5	10.16	6.04	7.46	5.95	6.83	7.14	7.79	9.48	6.0	11.04	11.03	7.48	4.52	6.57	8.55	6.58	5.55	
initialCoverageValue----------	360	360	360	360	360	360	360	360	360	360	360	360	360	360	360	360	360	360	360	360	360	360	360	360	360	360	360	360	360	360	360	360	360	360	360	360	360	360	360	360	360	360	360	360	360	360	360	360	360	360	360	360	360	360	360	360	360	360	360	360	360	360	360	360	360	360	360	360	360	360	360	360	360	360	360	360	360	360	360	360	360	360	360	360	360	360	360	360	360	360	360	360	360	360	360	360	360	360	360	360	
initialRedundantCoverageValue-	2580	2460	2220	2580	2460	2820	2100	2220	3120	2460	2820	2880	3480	2160	2100	2280	2760	2100	2700	2400	2280	1680	2460	1140	2040	2580	2580	2520	2460	2160	1920	2460	2880	2280	2340	2400	2220	2760	2220	2760	2160	2160	2100	2100	2400	2760	2160	2280	1680	2700	1980	1800	2820	2100	1860	2400	2340	1920	2100	2880	2520	2580	3060	2100	2760	2760	1980	2460	2580	1740	2520	2640	2400	2280	2820	2820	2220	2700	2760	2520	2820	2220	2760	2580	2280	2460	2460	2040	2820	2340	2820	3540	1920	1800	2580	3060	3000	2700	2640	1560	
additionalPoiTime-------------	1.663126661E8
algorithmTime-----------------	1.05768678E7
serverTime--------------------	1.94221245E7
Total Transferred Metadata----	3270

Photo List Size: 4287
Gained Coverage %-------------	0.7828888888888889
Gained Redundancy %-----------	0.08108688470432772
Total Cluster Created---------	50
Total Transferred Photo-------	2579
Total Photo at Destination----	798
Coverage Group----------------	1-30	31-60	61-90	91-120	121-150	151-180	181-210	211-240	241-270	271-300	301-330	331-360	
Coverage Distribution---------	0	0	1	0	1	4	8	11	12	18	20	25	
Ratio Group-------------------	.0	.1	.2	.3	.4	.5	.6	.7	.8	.9	1.0	
Coverage Ratio----------------	0	0	1	0	1	4	11	13	19	22	29	
Redundant Ratio---------------	0	70	29	1	0	0	0	0	0	0	0	
NumberOfPoint Group-----------	0	1	2	3	4	5	6	7	8	9	10	11	
NumOfPoint Distribution-------	0	1	12	12	8	8	4	1	3	0	0	1	
SD Group----------------------	0-1	1-2	2-3	3-4	4-5	5-6	6-7	7-8	8-9	9-10	10-11	11-12	
SD Distribution---------------	51	1	0	1	2	9	12	10	5	4	3	2	
Half Coverage Group-----------	0-16038847	16038847-32077694	32077694-48116541	48116541-64155388	64155388-80194235	80194235-96233082	96233082-112271929	112271929-128310776	128310776-144349623	144349623-160388470	160388470-176427317	
Half Cvg Time Distribution----	0	44	44	6	0	0	0	0	0	0	0	
Transferred Photo Group-------	0-16038847	16038847-32077694	32077694-48116541	48116541-64155388	64155388-80194235	80194235-96233082	96233082-112271929	112271929-128310776	128310776-144349623	144349623-160388470	160388470-176427317	
Photo Time Distribution-------	578	3967	3827	1141	446	10	0	40	12	0	0	

Cvg&Red Distribution----------	0.0	2.0	3.2077694E7	6.4155388E7	1.28310776E8	1.6038847E8	9.6233082E7	
Average PhotoNum--------------	26.404624277456648	26.404624277456648	27.115606936416185	28.277456647398843	28.410404624277458	28.410404624277458	28.410404624277458	
Nodes Above Average-----------	98	98	92	81	81	81	81	
Nodes Below Average-----------	75	75	81	92	92	92	92	

Average Coverage--------------	1546.913294797688	1546.913294797688	1587.4566473988439	1648.0	1655.242774566474	1655.242774566474	1655.242774566474	
Nodes Above Average-----------	100	100	97	86	86	86	86	
Nodes Below Average-----------	73	73	76	87	87	87	87	
Photos Above Average----------	33	33	34	38	38	38	38	
Photos Below Average----------	16	16	17	18	18	18	18	
Network Coverage--------------	35982	35982	35982	35971	35971	35971	35971	

Average Redundancy------------	37.36416184971098	37.36416184971098	39.47976878612717	48.64739884393064	49.38150289017341	49.38150289017341	49.38150289017341	
Nodes Above Average-----------	71	71	73	76	74	74	74	
Nodes Below Average-----------	102	102	100	97	99	99	99	
Photos Above Average----------	31	31	33	36	37	37	37	
Photos Below Average----------	22	22	22	21	21	21	21	
Network Redundancy------------	238098	238098	245478	257549	258929	258929	258929	

