Message stats for scenario S_9-Photo_5000-Scenario_6-ActualPOI_50
sim_time: 160388470.0000

Photo List Size: 1399
coverageValue-----------------	356	326	300	352	329	314	360	330	360	360	337	360	343	330	236	333	333	360	357	173	303	353	333	360	311	346	360	324	344	339	348	360	360	349	354	360	338	331	274	360	349	360	300	360	235	289	339	338	294	360	360	322	340	314	333	326	298	335	258	341	326	360	264	283	360	338	360	321	360	343	360	286	350	360	336	351	307	309	326	356	322	352	360	329	347	360	336	273	324	360	355	346	274	360	257	324	288	283	330	306	
redundantCoverageValue--------	424	574	120	788	451	226	720	450	660	780	623	540	677	630	304	327	387	660	663	127	537	727	447	900	349	494	660	396	496	441	372	300	600	611	546	780	622	329	806	840	371	600	360	840	125	431	501	322	546	540	600	278	320	526	687	334	782	445	162	319	394	420	456	677	720	262	900	459	600	437	420	254	490	420	264	549	173	471	574	364	398	488	720	211	373	540	624	267	516	780	485	554	266	660	283	516	852	617	390	414	
halfCoverageTime--------------	31554337.0	31636084.0	31709999.0	31543376.0	31724272.0	33266764.0	31638582.0	32008356.0	31543426.0	31573470.0	31638682.0	32159158.0	31543336.0	31724227.0	31571775.0	32264327.0	32960392.0	31573375.0	31573360.0	.0	32264247.0	31571790.0	31558207.0	2334884.0	31638846.0	31558142.0	31638781.0	31638687.0	31638612.0	31654266.0	32008285.0	32008374.0	32034366.0	31638906.0	32159520.0	31543326.0	31638876.0	32855847.0	31724247.0	31636144.0	31919200.0	31571780.0	32159515.0	31638597.0	32960402.0	31638886.0	32264412.0	32008469.0	31724287.0	32264267.0	31636074.0	31571785.0	32061714.0	31638761.0	31638741.0	32264352.0	32757657.0	31573340.0	33023433.0	31573355.0	32696567.0	32034324.0	32159359.0	32154253.0	31571634.0	32264382.0	31543120.0	32159148.0	31638642.0	31558127.0	32159400.0	33728352.0	32008336.0	32008529.0	31558197.0	32675984.0	32061664.0	32159510.0	32159178.0	32034360.0	32008331.0	31651529.0	31744035.0	31573440.0	32159203.0	32008514.0	32008489.0	33384286.0	31651489.0	32159188.0	31543461.0	33007247.0	32008243.0	31638786.0	32008380.0	31554352.0	31638896.0	32008499.0	32686088.0	31638567.0	
numberOfPoint-----------------	1	1	1	1	1	1	1	1	1	1	1	1	1	1	1	1	1	1	1	1	1	1	1	1	1	1	1	1	1	1	1	1	1	1	1	1	1	1	1	1	1	1	1	1	1	1	1	1	1	1	2	1	2	2	2	1	2	2	1	1	2	3	1	2	1	1	3	1	2	2	1	1	0	2	1	3	1	2	2	2	1	2	1	1	2	2	1	1	1	3	2	1	2	1	1	1	3	2	1	2	
standardDeviation-------------	.0	.0	.0	.0	.0	.0	.0	.0	.0	.0	.0	.0	.0	.0	.0	.0	.0	.0	.0	.0	.0	.0	.0	.0	.0	.0	.0	.0	.0	.0	.0	.0	.0	.0	.0	.0	.0	.0	.0	.0	.0	.0	.0	.0	.0	.0	.0	.0	.0	.0	11.01	6.41	7.3	5.64	7.37	7.56	9.51	7.65	.0	7.67	7.48	9.3	1.9	6.7	4.72	.9	11.92	3.75	8.89	10.13	3.98	2.61	.0	5.47	6.68	9.06	4.18	5.86	6.5	7.17	3.58	6.01	3.22	5.51	6.67	5.43	6.53	6.73	4.18	8.08	5.88	2.0	6.66	3.7	6.4	7.96	7.68	4.49	7.12	6.98	
initialCoverageValue----------	360	360	360	360	360	359	360	360	360	360	360	360	360	360	360	360	360	360	360	360	360	360	360	360	360	360	360	360	360	360	360	360	360	360	360	360	360	360	360	360	360	360	360	360	360	360	360	360	360	360	360	360	360	360	360	360	360	360	360	360	360	360	360	360	360	360	360	360	360	360	360	360	360	360	360	360	360	360	360	360	360	360	360	360	360	360	360	351	360	360	360	360	360	360	360	360	360	360	360	360	
initialRedundantCoverageValue-	2400	2160	2640	2340	2520	1921	2820	2580	2940	2640	2520	2580	3420	1980	2400	2460	2340	2820	2640	2040	2520	2340	2640	3120	2460	2880	3000	2160	2940	2280	2040	2220	2820	2520	1920	2280	2580	2880	2820	2640	1860	2520	1800	2160	1740	2220	2760	2580	1980	2100	2820	2340	2220	2640	1920	2280	2940	2700	2340	1980	2880	2280	2280	2400	2760	2400	3180	3060	2760	2400	2340	2460	2460	2520	2040	2520	2340	2760	2160	2040	2160	2340	2580	1800	1980	2640	2100	2229	1980	3000	2520	2220	1800	2940	1860	1980	2820	2700	2100	2640	
additionalPoiTime-------------	62400.4
algorithmTime-----------------	7.155609869E8
serverTime--------------------	1.14816736E7
Total Transferred Metadata----	2737

Photo List Size: 1399
Gained Coverage %-------------	0.9155043067518756
Gained Redundancy %-----------	0.20419215766783003
Total Cluster Created---------	0
Total Transferred Photo-------	4235
Total Photo at Destination----	1428
Coverage Group----------------	1-30	31-60	61-90	91-120	121-150	151-180	181-210	211-240	241-270	271-300	301-330	331-360	
Coverage Distribution---------	0	0	0	0	0	1	0	2	3	12	22	60	
Ratio Group-------------------	.0	.1	.2	.3	.4	.5	.6	.7	.8	.9	1.0	
Coverage Ratio----------------	0	0	0	0	0	1	0	2	10	18	69	
Redundant Ratio---------------	0	5	50	37	8	0	0	0	0	0	0	
NumberOfPoint Group-----------	0	1	2	3	
NumOfPoint Distribution-------	1	23	21	5	
SD Group----------------------	0-1	1-2	2-3	3-4	4-5	5-6	6-7	7-8	8-9	9-10	10-11	11-12	
SD Distribution---------------	53	1	2	5	4	6	11	10	2	3	1	2	
Half Coverage Group-----------	0-16038847	16038847-32077694	32077694-48116541	48116541-64155388	64155388-80194235	80194235-96233082	96233082-112271929	112271929-128310776	128310776-144349623	144349623-160388470	160388470-176427317	
Half Cvg Time Distribution----	1	69	29	0	0	0	0	0	0	0	0	
Transferred Photo Group-------	0-16038847	16038847-32077694	32077694-48116541	48116541-64155388	64155388-80194235	80194235-96233082	96233082-112271929	112271929-128310776	128310776-144349623	144349623-160388470	160388470-176427317	
Photo Time Distribution-------	558	3731	5363	2546	922	27	0	92	25	0	0	

Cvg&Red Distribution----------	0.0	2.0	3.2077694E7	6.4155388E7	1.28310776E8	1.6038847E8	9.6233082E7	
Average PhotoNum--------------	26.404624277456648	26.404624277456648	28.196531791907514	30.6242774566474	30.890173410404625	30.890173410404625	30.77456647398844	
Nodes Above Average-----------	98	98	86	78	81	81	79	
Nodes Below Average-----------	75	75	87	95	92	92	94	

Average Coverage--------------	1544.5606936416184	1544.5606936416184	1646.0057803468208	1780.242774566474	1795.6300578034682	1795.6300578034682	1789.0115606936415	
Nodes Above Average-----------	97	97	88	79	80	80	79	
Nodes Below Average-----------	76	76	85	94	93	93	94	
Photos Above Average----------	33	33	37	43	44	44	44	
Photos Below Average----------	17	17	18	19	19	19	19	
Network Coverage--------------	35990	35990	35989	35980	35980	35980	35980	

Average Redundancy------------	39.716763005780344	39.716763005780344	45.786127167630056	57.213872832369944	57.78034682080925	57.78034682080925	57.46242774566474	
Nodes Above Average-----------	66	66	66	68	68	68	68	
Nodes Below Average-----------	107	107	107	105	105	105	105	
Photos Above Average----------	31	31	36	41	42	42	42	
Photos Below Average----------	23	23	23	23	23	23	23	
Network Redundancy------------	238090	238090	256691	281900	284660	284660	283460	

