Message stats for scenario S_9-Photo_5000-Scenario_5-ActualPOI_50
sim_time: 160388470.0000

Photo List Size: 4287
coverageValue-----------------	340	300	360	318	337	358	319	312	347	237	360	335	358	323	273	314	360	303	335	340	242	333	325	360	309	277	351	275	339	312	337	345	360	334	360	360	360	314	306	333	343	268	306	360	324	358	308	352	284	330	196	60	223	181	355	227	135	185	219	288	320	217	206	294	259	185	256	297	258	324	282	215	60	309	184	270	223	352	223	243	197	258	236	176	287	290	233	288	284	273	293	251	249	323	321	255	298	155	261	256	
redundantCoverageValue--------	200	240	360	342	143	302	281	228	193	243	240	205	242	217	207	166	300	177	205	200	178	267	215	300	171	203	489	145	261	228	323	255	360	266	180	360	240	286	174	387	257	212	114	360	276	182	232	368	196	210	164	0	137	59	245	73	105	355	201	72	280	263	214	126	281	115	44	303	102	96	198	25	0	111	236	30	17	308	77	177	43	162	184	244	313	190	67	252	76	207	187	49	51	217	219	105	242	25	339	224	
halfCoverageTime--------------	32008406.0	31724217.0	31638682.0	32757712.0	32008364.0	32159385.0	32159445.0	32159440.0	32034342.0	32061639.0	31558137.0	31724262.0	32159178.0	32154278.0	32034336.0	32034426.0	31638597.0	32159128.0	31724252.0	31573320.0	32757657.0	32855847.0	32757737.0	32095144.0	32008295.0	32868782.0	31638779.0	33353940.0	31638819.0	32868707.0	32061649.0	31573410.0	31573295.0	32061669.0	32008316.0	32034444.0	32034348.0	31573315.0	31638869.0	32034420.0	32761681.0	32008382.0	32159415.0	32761656.0	31571775.0	32095154.0	32008253.0	31744045.0	32868697.0	33728291.0	31573450.0	.0	32868742.0	63704108.0	31638732.0	31571780.0	.0	33266782.0	31558192.0	32008333.0	31638672.0	31724277.0	63626851.0	32264247.0	33110273.0	64219905.0	31571699.0	31738545.0	32761666.0	32264602.0	32868727.0	64732425.0	.0	31724272.0	32757792.0	32960330.0	31738540.0	31724237.0	32960350.0	32757692.0	63450913.0	32264267.0	31638647.0	.0	31638577.0	33023448.0	32757667.0	32159138.0	31744050.0	33023423.0	31543562.0	32686088.0	63279295.0	32757802.0	31558172.0	32008400.0	32061644.0	.0	32264252.0	31648624.0	
numberOfPoint-----------------	1	1	1	1	1	1	1	1	1	1	1	1	1	1	1	1	1	1	1	1	1	1	1	1	1	1	1	1	1	1	1	1	1	1	1	1	1	1	1	1	1	1	1	1	1	1	1	1	1	1	2	2	2	4	3	12	4	8	3	4	2	4	3	3	6	5	2	10	2	3	3	7	1	2	6	5	2	2	4	5	12	4	6	8	2	5	3	5	2	2	7	7	1	3	2	9	3	4	2	4	
standardDeviation-------------	.0	.0	.0	.0	.0	.0	.0	.0	.0	.0	.0	.0	.0	.0	.0	.0	.0	.0	.0	.0	.0	.0	.0	.0	.0	.0	.0	.0	.0	.0	.0	.0	.0	.0	.0	.0	.0	.0	.0	.0	.0	.0	.0	.0	.0	.0	.0	.0	.0	.0	5.82	7.18	3.29	6.29	8.98	6.12	7.23	6.04	8.38	7.26	6.13	6.97	6.62	2.66	8.63	8.08	6.8	6.43	6.18	9.36	9.32	9.42	3.14	6.42	6.16	7.54	4.96	6.25	6.26	8.92	6.96	7.57	9.22	7.38	5.48	5.17	8.62	6.75	6.63	5.65	6.78	7.52	2.2	6.61	1.82	6.43	9.64	8.19	6.44	7.58	
initialCoverageValue----------	360	360	360	360	360	360	360	360	360	360	360	360	360	360	360	360	360	360	360	360	360	360	360	360	360	360	360	360	360	360	360	360	360	360	360	360	360	360	360	360	360	360	360	360	360	360	360	360	360	360	360	359	360	360	360	360	360	360	360	360	360	360	360	360	360	360	360	360	360	360	360	360	360	360	360	360	360	360	360	360	360	360	360	360	360	360	360	360	360	360	360	360	360	360	360	360	360	360	360	360	
initialRedundantCoverageValue-	2160	2400	2580	2580	2160	2220	2160	2280	2400	1680	2520	2880	2400	2340	2880	2460	2100	1680	2760	2520	2100	2640	2580	2820	3300	1920	2760	1980	2220	2400	2760	2160	2760	2520	2280	2880	3180	2580	2100	2280	2340	2460	2880	2580	1680	2580	1980	2880	2040	2580	1920	1321	1980	1680	3540	2460	2700	2520	1800	2880	2460	2520	2640	1680	3120	2700	3180	2880	2340	2220	2580	2580	1800	2340	2280	2160	2040	2160	2220	2040	2280	2880	2160	2580	2460	2460	3120	2340	2160	2220	2340	2160	2340	2580	3060	2520	2580	3240	2640	2820	
additionalPoiTime-------------	0.0
algorithmTime-----------------	9750062.5
serverTime--------------------	1.82677171E7
Total Transferred Metadata----	3273

Photo List Size: 4287
Gained Coverage %-------------	0.7923553432039779
Gained Redundancy %-----------	0.08309025306404565
Total Cluster Created---------	50
Total Transferred Photo-------	2494
Total Photo at Destination----	815
Coverage Group----------------	1-30	31-60	61-90	91-120	121-150	151-180	181-210	211-240	241-270	271-300	301-330	331-360	
Coverage Distribution---------	0	2	0	0	1	2	7	10	13	16	20	29	
Ratio Group-------------------	.0	.1	.2	.3	.4	.5	.6	.7	.8	.9	1.0	
Coverage Ratio----------------	0	0	2	0	1	2	8	13	19	24	31	
Redundant Ratio---------------	2	63	35	0	0	0	0	0	0	0	0	
NumberOfPoint Group-----------	0	1	2	3	4	5	6	7	8	9	10	11	12	
NumOfPoint Distribution-------	0	2	14	9	8	5	3	3	2	1	1	0	2	
SD Group----------------------	0-1	1-2	2-3	3-4	4-5	5-6	6-7	7-8	8-9	9-10	
SD Distribution---------------	50	1	2	2	1	4	20	8	7	5	
Half Coverage Group-----------	0-16038847	16038847-32077694	32077694-48116541	48116541-64155388	64155388-80194235	80194235-96233082	96233082-112271929	112271929-128310776	128310776-144349623	144349623-160388470	160388470-176427317	
Half Cvg Time Distribution----	0	50	39	4	2	0	0	0	0	0	0	
Transferred Photo Group-------	0-16038847	16038847-32077694	32077694-48116541	48116541-64155388	64155388-80194235	80194235-96233082	96233082-112271929	112271929-128310776	128310776-144349623	144349623-160388470	160388470-176427317	
Photo Time Distribution-------	543	2535	2884	894	360	12	0	28	6	0	0	

Cvg&Red Distribution----------	0.0	2.0	3.2077694E7	6.4155388E7	1.28310776E8	1.6038847E8	9.6233082E7	
Average PhotoNum--------------	26.404624277456648	26.404624277456648	27.104046242774565	28.21965317919075	28.416184971098264	28.416184971098264	28.416184971098264	
Nodes Above Average-----------	98	98	92	83	83	83	83	
Nodes Below Average-----------	75	75	81	90	90	90	90	

Average Coverage--------------	1544.0751445086705	1544.0751445086705	1581.3468208092486	1642.5317919075144	1653.2023121387283	1653.2023121387283	1653.2023121387283	
Nodes Above Average-----------	98	98	97	85	83	83	83	
Nodes Below Average-----------	75	75	76	88	90	90	90	
Photos Above Average----------	33	33	34	38	38	38	38	
Photos Below Average----------	17	17	17	18	18	18	18	
Network Coverage--------------	35999	35999	35999	35999	35999	35999	35999	

Average Redundancy------------	40.202312138728324	40.202312138728324	44.895953757225435	50.64739884393064	51.76878612716763	51.76878612716763	51.76878612716763	
Nodes Above Average-----------	73	73	69	68	66	66	66	
Nodes Below Average-----------	100	100	104	105	107	107	107	
Photos Above Average----------	30	30	32	35	36	36	36	
Photos Below Average----------	23	23	23	23	23	23	23	
Network Redundancy------------	238081	238081	245341	256921	258961	258961	258961	

