Message stats for scenario S_9-Photo_5000-Scenario_8-ActualPOI_50
sim_time: 160388470.0000

Photo List Size: 1304
coverageValue-----------------	345	346	293	259	360	357	315	283	357	323	357	341	330	323	350	360	360	332	310	316	306	355	328	340	291	360	272	295	360	305	286	339	355	308	360	359	285	350	315	307	360	274	276	360	360	349	316	324	360	336	293	281	344	321	330	314	223	331	303	297	349	258	360	333	295	331	341	342	347	353	276	258	181	339	294	269	328	249	214	212	302	360	281	226	350	329	360	248	225	325	323	281	352	189	224	289	146	334	205	334	
redundantCoverageValue--------	435	434	307	161	900	843	465	497	483	337	963	859	690	937	910	300	840	928	470	344	654	425	512	620	309	900	208	545	600	835	494	501	425	472	900	601	435	550	345	473	720	326	444	600	480	911	524	636	900	504	487	379	376	339	270	406	257	449	357	363	611	222	420	447	245	269	379	318	493	367	204	462	59	441	426	211	392	471	146	268	298	660	259	134	430	391	360	172	495	335	157	139	368	111	76	311	34	386	155	506	
halfCoverageTime--------------	32264287.0	32034396.0	33728404.0	33195284.0	31808598.0	31571619.0	32008321.0	31724217.0	31638597.0	31638647.0	31638682.0	31724257.0	32008280.0	31571704.0	31573345.0	32008362.0	31724227.0	31543368.0	31573355.0	32008390.0	32159440.0	31543470.0	33023448.0	32159188.0	31638722.0	31571780.0	32761691.0	31558192.0	32008489.0	32154288.0	32159395.0	32008351.0	32008589.0	33728384.0	31573405.0	31543425.0	33989211.0	31808604.0	32034342.0	32264582.0	31638657.0	32686138.0	31808723.0	31808687.0	31808550.0	31543515.0	32008238.0	31573390.0	32159415.0	31558132.0	31571845.0	31558162.0	31543410.0	31573380.0	31654256.0	31940778.0	31808574.0	31638757.0	32868777.0	31554327.0	32159133.0	32061709.0	32159435.0	31573465.0	32264602.0	32159203.0	31573450.0	32034390.0	31638587.0	32034408.0	32868702.0	32675978.0	33298118.0	31571634.0	31571664.0	33195319.0	32061739.0	31808667.0	64290822.0	32061639.0	32061704.0	31571825.0	32869781.0	32008258.0	31638844.0	31648624.0	31638954.0	32686108.0	33728394.0	32159420.0	31638919.0	33728336.0	31543343.0	.0	64290772.0	31808544.0	.0	31572354.0	32757657.0	33266829.0	
numberOfPoint-----------------	1	1	1	1	1	1	1	1	1	1	1	1	1	1	1	1	1	1	1	1	1	1	1	1	1	1	1	1	1	1	1	1	1	1	1	1	1	1	1	1	1	1	1	1	1	1	1	1	1	1	2	1	1	4	1	2	1	3	1	1	3	1	2	1	2	1	4	2	2	2	2	1	1	1	2	2	2	2	0	1	1	3	1	1	3	3	1	0	2	1	1	1	2	1	1	1	0	2	0	3	
standardDeviation-------------	.0	.0	.0	.0	.0	.0	.0	.0	.0	.0	.0	.0	.0	.0	.0	.0	.0	.0	.0	.0	.0	.0	.0	.0	.0	.0	.0	.0	.0	.0	.0	.0	.0	.0	.0	.0	.0	.0	.0	.0	.0	.0	.0	.0	.0	.0	.0	.0	.0	.0	6.0	6.1	.91	6.91	4.06	7.75	.5	6.52	4.18	2.86	8.13	6.95	4.77	1.22	6.61	4.37	8.3	6.48	7.73	6.51	8.28	5.16	.85	1.4	7.13	7.18	5.66	5.65	.0	4.1	4.03	7.61	2.83	6.73	9.42	9.81	5.03	.0	7.62	4.37	3.3	7.69	6.21	7.67	5.22	3.2	.0	7.33	.0	10.91	
initialCoverageValue----------	360	360	360	360	360	360	360	360	360	360	360	360	360	360	360	360	360	360	360	358	360	360	360	360	360	360	360	360	360	360	360	360	360	360	360	360	360	360	360	360	360	360	353	360	360	360	360	360	360	352	360	360	360	360	360	360	360	360	360	360	360	360	360	360	360	360	360	360	360	360	360	360	360	360	360	360	360	360	360	360	360	360	360	360	360	360	360	360	360	360	360	360	360	360	360	360	360	360	360	360	
initialRedundantCoverageValue-	2880	2640	2040	1440	2460	2880	2280	2340	2700	2220	2760	3240	3060	2880	3240	2280	2940	2280	2760	1682	1980	2520	2520	2580	2220	3240	2040	2460	2100	2100	2820	1800	2220	2160	2880	2580	1740	2220	2160	2280	2760	2520	1687	3060	2100	2820	2340	2640	2580	1988	2640	1920	3120	2760	2340	2160	2400	2700	1680	2220	2340	2160	2280	2220	2460	2460	2760	2580	2580	3240	1980	2220	1680	2820	2340	2100	2640	2220	2280	2040	1980	3360	2160	2400	2880	2640	2160	2040	2880	2820	2160	1980	2640	1980	1440	2280	2220	2520	2100	3240	
additionalPoiTime-------------	93600.6
algorithmTime-----------------	1.1164627040776E10
serverTime--------------------	4945231.7
Total Transferred Metadata----	2333

Photo List Size: 1304
Gained Coverage %-------------	0.8631020203985216
Gained Redundancy %-----------	0.18755101787127543
Total Cluster Created---------	0
Total Transferred Photo-------	25070
Total Photo at Destination----	1390
Coverage Group----------------	1-30	31-60	61-90	91-120	121-150	151-180	181-210	211-240	241-270	271-300	301-330	331-360	
Coverage Distribution---------	0	0	0	0	1	0	3	6	6	18	23	43	
Ratio Group-------------------	.0	.1	.2	.3	.4	.5	.6	.7	.8	.9	1.0	
Coverage Ratio----------------	0	0	0	0	0	1	5	6	14	25	49	
Redundant Ratio---------------	0	11	50	30	8	1	0	0	0	0	0	
NumberOfPoint Group-----------	0	1	2	3	4	
NumOfPoint Distribution-------	4	23	15	6	2	
SD Group----------------------	0-1	1-2	2-3	3-4	4-5	5-6	6-7	7-8	8-9	9-10	10-11	
SD Distribution---------------	57	2	2	2	7	6	9	9	3	2	1	
Half Coverage Group-----------	0-16038847	16038847-32077694	32077694-48116541	48116541-64155388	64155388-80194235	80194235-96233082	96233082-112271929	112271929-128310776	128310776-144349623	144349623-160388470	160388470-176427317	
Half Cvg Time Distribution----	0	66	30	0	2	0	0	0	0	0	0	
Transferred Photo Group-------	0-16038847	16038847-32077694	32077694-48116541	48116541-64155388	64155388-80194235	80194235-96233082	96233082-112271929	112271929-128310776	128310776-144349623	144349623-160388470	160388470-176427317	
Photo Time Distribution-------	6046	12198	15154	12472	6104	329	250	814	224	23	0	

Cvg&Red Distribution----------	0.0	2.0	3.2077694E7	6.4155388E7	1.28310776E8	1.6038847E8	9.6233082E7	
Average PhotoNum--------------	26.404624277456648	26.404624277456648	35.78034682080925	40.02312138728324	41.895953757225435	42.01156069364162	40.91907514450867	
Nodes Above Average-----------	98	98	92	122	130	131	126	
Nodes Below Average-----------	75	75	81	51	43	42	47	

Average Coverage--------------	1550.9248554913295	1550.9248554913295	2069.2890173410406	2303.0115606936415	2403.849710982659	2408.9826589595377	2350.578034682081	
Nodes Above Average-----------	101	101	90	122	130	131	126	
Nodes Below Average-----------	72	72	83	51	43	42	47	
Photos Above Average----------	33	33	48	49	49	49	49	
Photos Below Average----------	16	16	21	16	17	17	17	
Network Coverage--------------	35978	35978	35978	35978	35978	35978	35978	

Average Redundancy------------	33.35260115606936	33.35260115606936	77.53179190751445	98.3757225433526	109.90751445086705	111.71098265895954	104.56647398843931	
Nodes Above Average-----------	68	68	76	86	89	87	89	
Nodes Below Average-----------	105	105	97	87	84	86	84	
Photos Above Average----------	31	31	47	49	49	49	49	
Photos Below Average----------	23	23	26	31	33	34	32	
Network Redundancy------------	238102	238102	335422	379462	398902	400102	388762	

