Message stats for scenario S_9-Photo_5000-Scenario_7-ActualPOI_50
sim_time: 160388470.0000

Photo List Size: 4287
coverageValue-----------------	279	281	301	319	335	304	187	323	349	187	315	263	334	298	334	282	228	322	313	340	360	283	360	339	338	314	308	298	321	292	300	293	317	181	344	326	235	357	306	252	194	333	352	235	338	303	305	267	239	313	321	337	292	339	352	351	336	314	304	359	360	360	333	283	311	334	343	277	299	312	317	316	341	356	312	266	297	345	355	360	292	301	347	299	357	360	355	254	335	339	360	283	237	358	360	339	339	317	348	309	
redundantCoverageValue--------	141	199	419	401	445	236	113	217	611	233	165	157	506	482	386	498	192	38	407	440	1020	377	420	321	262	526	172	362	219	308	480	307	343	59	256	514	245	183	354	168	286	447	548	305	682	237	235	273	241	467	279	383	488	561	668	549	564	466	356	241	780	540	267	437	349	506	197	383	601	468	223	344	559	484	348	394	63	495	425	1020	728	179	613	301	483	660	605	226	325	321	720	257	243	602	900	621	861	343	732	651	
halfCoverageTime--------------	32868767.0	32061684.0	32757752.0	32008406.0	31638597.0	32008359.0	32757872.0	31724257.0	32159163.0	33195369.0	32008479.0	31638602.0	31573385.0	32061709.0	32034396.0	31573295.0	33906548.0	32061649.0	32154298.0	32061689.0	31573320.0	32264292.0	33023433.0	32869781.0	32008354.0	31543562.0	33266834.0	31940788.0	32034360.0	31638702.0	32034426.0	32686118.0	31571750.0	32264247.0	32761752.0	31638677.0	32960356.0	33728291.0	32159143.0	32675984.0	33728341.0	31638849.0	31744045.0	32008290.0	32034390.0	32008316.0	32264297.0	32008341.0	33906563.0	32008400.0	33728379.0	33023423.0	32154293.0	32154278.0	32159148.0	32757717.0	32154288.0	31638682.0	33906583.0	63507520.0	32264257.0	31638582.0	31744040.0	31738494.0	32159425.0	32095124.0	32008311.0	33023468.0	31724272.0	32159359.0	32686093.0	31558202.0	32159113.0	32034348.0	32686168.0	32061664.0	32686148.0	32008295.0	32159178.0	31638662.0	32061674.0	32061659.0	32061654.0	33195254.0	31638737.0	31638612.0	31724212.0	32264322.0	31573425.0	32154303.0	32008243.0	32008264.0	64290682.0	31744050.0	31558127.0	31648634.0	31738515.0	32761691.0	31638687.0	31738520.0	
numberOfPoint-----------------	1	1	1	1	1	1	1	1	1	1	1	1	1	1	1	1	1	1	1	1	1	1	1	1	1	1	1	1	1	1	1	1	1	1	1	1	1	1	1	1	1	1	1	1	1	1	1	1	1	1	8	3	5	6	7	4	4	4	4	8	2	2	2	4	5	5	4	8	4	1	3	6	7	2	5	6	4	4	3	3	2	3	6	4	3	3	3	4	4	4	2	6	5	2	4	3	4	3	8	3	
standardDeviation-------------	.0	.0	.0	.0	.0	.0	.0	.0	.0	.0	.0	.0	.0	.0	.0	.0	.0	.0	.0	.0	.0	.0	.0	.0	.0	.0	.0	.0	.0	.0	.0	.0	.0	.0	.0	.0	.0	.0	.0	.0	.0	.0	.0	.0	.0	.0	.0	.0	.0	.0	8.33	3.51	9.13	7.67	7.44	6.79	6.0	6.3	8.59	5.54	5.52	5.74	7.66	7.92	5.98	7.66	6.92	7.69	5.83	2.0	7.95	6.89	4.81	3.15	7.64	6.3	6.29	9.05	9.61	8.53	6.5	4.91	6.48	9.51	4.22	6.98	5.25	10.49	5.52	10.02	4.27	9.22	9.95	5.42	7.0	6.88	8.15	8.94	7.72	8.52	
initialCoverageValue----------	360	360	360	360	360	360	360	360	360	360	360	360	360	360	360	360	360	360	360	360	360	360	360	360	360	360	360	360	360	360	360	360	360	360	360	360	360	360	360	360	360	360	360	360	360	360	360	360	360	360	347	360	360	360	360	360	360	360	360	360	360	360	360	360	360	360	360	360	360	360	360	360	360	360	360	360	360	360	360	360	360	360	360	360	360	360	360	360	360	360	360	360	360	360	360	360	360	360	360	360	
initialRedundantCoverageValue-	1380	2160	2520	2220	2640	2580	2400	2220	3180	1920	2460	1920	2460	2640	2340	2460	1920	1980	2820	2640	3180	2640	2760	2580	2340	2340	2160	2400	2700	2640	2880	2880	2880	2160	2280	2280	3120	2160	1980	1920	2940	2520	3060	2580	3000	2400	2460	3000	2100	2940	2173	2460	2340	2100	3000	2700	3000	2340	2700	2280	2400	2880	1860	2460	2400	3000	1620	2820	2280	2040	2280	2100	2580	2460	1980	2820	960	2640	2040	3540	2340	2040	2640	1920	2220	2940	2220	2220	2520	2040	2760	1800	1560	2580	2940	2400	2460	2460	2700	2400	
additionalPoiTime-------------	1.507281662E8
algorithmTime-----------------	9968463.9
serverTime--------------------	1.6068103E7
Total Transferred Metadata----	3268

Photo List Size: 4287
Gained Coverage %-------------	0.8660905326923611
Gained Redundancy %-----------	0.1671586882526596
Total Cluster Created---------	50
Total Transferred Photo-------	2914
Total Photo at Destination----	1226
Coverage Group----------------	1-30	31-60	61-90	91-120	121-150	151-180	181-210	211-240	241-270	271-300	301-330	331-360	
Coverage Distribution---------	0	0	0	0	0	0	4	5	5	17	27	42	
Ratio Group-------------------	.0	.1	.2	.3	.4	.5	.6	.7	.8	.9	1.0	
Coverage Ratio----------------	0	0	0	0	0	0	4	6	11	35	44	
Redundant Ratio---------------	0	21	51	23	5	0	0	0	0	0	0	
NumberOfPoint Group-----------	0	1	2	3	4	5	6	7	8	
NumOfPoint Distribution-------	0	1	7	11	15	5	5	2	4	
SD Group----------------------	0-1	1-2	2-3	3-4	4-5	5-6	6-7	7-8	8-9	9-10	10-11	
SD Distribution---------------	50	0	1	2	4	9	10	10	6	6	2	
Half Coverage Group-----------	0-16038847	16038847-32077694	32077694-48116541	48116541-64155388	64155388-80194235	80194235-96233082	96233082-112271929	112271929-128310776	128310776-144349623	144349623-160388470	160388470-176427317	
Half Cvg Time Distribution----	0	55	43	1	1	0	0	0	0	0	0	
Transferred Photo Group-------	0-16038847	16038847-32077694	32077694-48116541	48116541-64155388	64155388-80194235	80194235-96233082	96233082-112271929	112271929-128310776	128310776-144349623	144349623-160388470	160388470-176427317	
Photo Time Distribution-------	540	4148	4194	1677	563	47	0	113	25	0	0	

Cvg&Red Distribution----------	0.0	2.0	3.2077694E7	6.4155388E7	1.28310776E8	1.6038847E8	9.6233082E7	
Average PhotoNum--------------	26.404624277456648	26.404624277456648	27.15028901734104	27.884393063583815	27.982658959537574	27.982658959537574	27.98843930635838	
Nodes Above Average-----------	98	98	93	89	90	90	90	
Nodes Below Average-----------	75	75	80	84	83	83	83	

Average Coverage--------------	1544.3352601156068	1544.3352601156068	1587.1040462427745	1632.0057803468208	1637.4046242774566	1637.4046242774566	1637.7514450867052	
Nodes Above Average-----------	100	100	96	85	85	85	85	
Nodes Below Average-----------	73	73	77	88	88	88	88	
Photos Above Average----------	33	33	34	37	37	37	37	
Photos Below Average----------	16	16	17	18	18	18	18	
Network Coverage--------------	35974	35974	35974	35961	35961	35961	35961	

Average Redundancy------------	39.94219653179191	39.94219653179191	41.91329479768786	41.05780346820809	41.554913294797686	41.554913294797686	41.554913294797686	
Nodes Above Average-----------	76	76	71	71	71	71	71	
Nodes Below Average-----------	97	97	102	102	102	102	102	
Photos Above Average----------	31	31	32	34	34	34	34	
Photos Below Average----------	22	22	23	23	23	23	23	
Network Redundancy------------	238106	238106	245846	253479	254499	254499	254559	

