Gained Coverage %
0.6656758708817156	
0.6631927074648435	
0.6466944444444445	
0.6481311657635126	
0.6236594988053564	

Gained Redundancy %
0.0479601357432438	
0.04781518772316091	
0.06297439697044538	
0.05907865769602699	
0.08436168559816164	

Total Transferred Metadata
15087	
15088	
8243	
15087	
7478	

Total Transferred Photos
1928	
1854	
6574	
1929	
155265	

Total Photo at Destination
596	
593	
651	
632	
725	

additionalPoiTime
937160407	
0	
93600	
941700036	
483603	

algorithmTime
82446528	
74443677	
981480291	
86611755	
89578564431	

serverTime
20826133	
21918140	
951606	
9360060	
156001	

Average Node Above Average
103.36363636363636	
104.27272727272727	
82.0909090909091	
105.36363636363636	
170.27272727272728	

Average Network Redundancy
269754.0909090909	
269925.2727272727	
329965.54545454547	
267830.36363636365	
804238.1818181818	

SD Distribution
51	2	1	0	2	6	11	15	7	5	

52	1	0	3	3	9	12	10	2	7	1	

57	3	3	8	2	4	5	7	5	3	2	1	

52	0	2	1	1	12	7	16	4	3	2	

68	1	2	7	4	1	2	4	2	4	2	3	

